wv flam err
7908.5726314213025 2.895366176238319e-18 1.5233079316887986e-18
7921.230677411988 9.68692188776847e-19 1.4307616775023937e-18
7933.888723402673 6.903147467907562e-19 1.3528024369680606e-18
7946.546769393359 2.0359284778059308e-18 1.3055065095738274e-18
7959.204815384044 1.5300902117639464e-18 1.2302472282370826e-18
7971.86286137473 0.0 1.1627748185641053e-18
7984.520907365415 2.2673317028469765e-19 1.1234347677857896e-18
7997.1789533561005 4.419661969558248e-19 1.0809801743182092e-18
8009.836999346786 0.0 1.0385771763290009e-18
8022.495045337471 0.0 1.0105918759972954e-18
8035.153091328157 2.558917724364011e-19 9.846629278590442e-19
8047.811137318842 9.584099194214898e-19 9.65105348503997e-19
8060.469183309528 1.0949777732513713e-18 9.476936382520901e-19
8073.127229300213 9.34929241415575e-19 9.448984924575203e-19
8085.7852752908975 1.1004777403576965e-18 9.310478863839793e-19
8098.443321281583 1.512941932499694e-19 9.178217999957254e-19
8111.101367272268 4.296425301823491e-19 9.167684791177875e-19
8123.759413262954 0.0 9.522791875873604e-19
8136.417459253639 0.0 8.526407329317629e-19
8149.075505244324 0.0 8.438578565580267e-19
8161.733551235009 0.0 8.17843637832619e-19
8174.391597225695 3.24325703990658e-22 8.087456215520217e-19
8187.04964321638 4.5899232823210435e-20 7.916142566219947e-19
8199.707689207065 1.794741015667185e-19 7.7761837515769215e-19
8212.36573519775 3.303500192169099e-19 7.577316711088096e-19
8225.023781188436 1.4867870442505665e-18 7.460534657469366e-19
8237.681827179122 1.803516693402002e-19 7.192714674529793e-19
8250.339873169807 9.292196033435347e-19 7.223717198698245e-19
8262.997919160493 3.494888416278976e-19 7.633519467860982e-19
8275.655965151178 1.7899616931023764e-18 6.835775826823015e-19
8288.314011141863 1.0006433829917571e-18 6.543823059470289e-19
8300.972057132549 1.0095769667451738e-18 6.411594001190403e-19
8313.630103123234 8.555267156048802e-19 6.309657301123582e-19
8326.28814911392 1.1422295470418853e-18 6.1919330432253895e-19
8338.946195104605 1.3513230801197667e-18 6.103751876230736e-19
8351.60424109529 3.4446061634067017e-19 5.996965080111372e-19
8364.262287085976 4.414427155032918e-19 5.904973055937812e-19
8376.920333076661 1.5955870447140861e-18 5.92214324623028e-19
8389.578379067347 9.152629672720485e-19 5.8113970897776275e-19
8402.236425058032 3.4487699833832864e-19 6.063019882358998e-19
8414.894471048716 9.08018254694713e-19 5.597047386121098e-19
8427.552517039403 7.422782253005353e-19 5.583321810453483e-19
8440.210563030087 8.073229606032174e-19 5.419938346875721e-19
8452.868609020772 1.5511864595362343e-18 5.404717856896578e-19
8465.526655011457 4.961892440945597e-19 5.233193845341281e-19
8478.184701002143 9.797971697332654e-19 5.168140401541693e-19
8490.842746992828 2.2888282965169273e-19 5.043666725879376e-19
8503.500792983514 1.3080173818557868e-18 5.0696059684166665e-19
8516.1588389742 1.3949091801983817e-18 4.975068533243125e-19
8528.816884964885 4.952935900099257e-19 4.969375337146781e-19
8541.47493095557 1.4501239855387133e-18 4.955994850357954e-19
8554.132976946255 6.624158325279242e-19 4.995547575806666e-19
8566.79102293694 1.4699071560673874e-18 4.854684646310659e-19
8579.449068927626 7.671893805515905e-19 4.827592207489218e-19
8592.107114918312 7.487331463246088e-19 4.792864830654095e-19
8604.765160908997 1.4701462116235146e-18 4.861217480082745e-19
8617.423206899683 1.4307350091431763e-18 4.8418733490065645e-19
8630.081252890368 9.65454307970483e-19 4.819590855000827e-19
8642.739298881053 9.769319210232863e-19 4.773091639213605e-19
8655.397344871739 4.073675278555978e-19 4.683432152057042e-19
8668.055390862424 4.0793680606757295e-19 4.608897726539394e-19
8680.71343685311 7.983786610025752e-20 4.508784145419971e-19
8693.371482843795 5.587353886590417e-19 4.49600954786227e-19
8706.029528834479 1.0001900591723654e-18 4.764510308884284e-19
8718.687574825166 1.4068869700845822e-18 4.429105762210153e-19
8731.34562081585 1.3448253181393419e-18 4.261213554898317e-19
8744.003666806537 6.915303727500857e-19 4.1740352880800923e-19
8756.66171279722 9.28816127802697e-19 4.106427244499307e-19
8769.319758787906 1.2587070426207435e-18 4.0756816950403754e-19
8781.977804778591 1.0326188762749866e-18 4.1052470950940235e-19
8794.635850769277 4.383841247700292e-19 4.0208089154319136e-19
8807.293896759962 9.178904146536255e-19 2.9711248031185735e-19
8819.951942750648 9.707591664506822e-19 2.628177057084914e-19
8832.609988741333 1.054896443969602e-18 3.1105972175812394e-19
8845.268034732018 7.864320954439298e-19 2.640132422767785e-19
8857.926080722704 1.074491930415161e-18 2.8863703113289106e-19
8870.58412671339 9.103318667838524e-19 2.5424610865693254e-19
8883.242172704075 1.2262259284306965e-18 2.8242520297552904e-19
8895.90021869476 1.189735955412296e-18 2.55075817731268e-19
8908.558264685445 1.3317438819678036e-18 2.773269571522562e-19
8921.21631067613 1.0317847530087647e-18 2.4456419337743464e-19
8933.874356666816 9.193475820903446e-19 2.6738393086853465e-19
8946.532402657502 1.3240755909689466e-18 2.411867985646433e-19
8959.190448648187 1.0114316586448703e-18 2.631531555893223e-19
8971.848494638873 1.161894693161619e-18 2.35946346102204e-19
8984.506540629558 8.308018278011178e-19 2.0020948611085974e-19
8997.164586620242 8.584485630634761e-19 2.30691870332083e-19
9009.822632610929 1.0254055235091051e-18 1.9642902734681047e-19
9022.480678601612 8.587217377237855e-19 2.279542541846485e-19
9035.1387245923 7.970602657177209e-19 1.976802920536548e-19
9047.796770582983 7.943496198431668e-19 2.285614577207012e-19
9060.45481657367 9.553911398588673e-19 1.9463590187867697e-19
9073.112862564354 1.0850056345684205e-18 1.8330101148082095e-19
9085.77090855504 1.0331724075357264e-18 1.9400300820377448e-19
9098.428954545725 6.325062836694296e-19 1.812997354016555e-19
9111.08700053641 7.69498801479318e-19 1.8938411457571647e-19
9123.745046527096 1.002031598331058e-18 1.8142932055956256e-19
9136.403092517781 1.1804435291666244e-18 1.9106260801856664e-19
9149.061138508467 1.1302440137622207e-18 1.7390351884042407e-19
9161.719184499152 1.0233831660725844e-18 1.8324259443381293e-19
9174.377230489838 7.883763330217657e-19 1.700230137543925e-19
9187.035276480523 1.08490438888635e-18 1.9614423527978555e-19
9199.693322471208 9.63112673567361e-19 1.6905478403605809e-19
9212.351368461894 1.178414638835608e-18 1.7620771967435666e-19
9225.00941445258 8.264657274969856e-19 1.625063222947583e-19
9237.667460443265 6.873065429881212e-19 1.7156597065123574e-19
9250.32550643395 9.736461718058527e-19 1.6146560157142892e-19
9262.983552424635 8.039096412349255e-19 1.7172781318391077e-19
9275.641598415321 1.073252625769402e-18 1.5971556140079002e-19
9288.299644406005 7.57975222513348e-19 1.6829100958771976e-19
9300.957690396692 9.34981558616905e-19 1.8746288220646543e-19
9313.615736387375 1.2262860575794267e-18 2.0631537953750255e-19
9326.273782378063 6.961855967301841e-19 1.8680189829828077e-19
9338.931828368746 7.456118408492062e-19 2.0297970894236966e-19
9351.589874359433 1.1608481947666888e-18 2.352806067867307e-19
9364.247920350117 9.950089413513494e-19 2.0263379814434961e-19
9376.905966340802 9.732207020693726e-19 1.8458259566081056e-19
9389.564012331488 1.1385344740942884e-18 2.0166164319447895e-19
9402.222058322173 9.55526985195115e-19 1.8472802607148111e-19
9414.880104312859 1.0252696818781442e-18 2.000007993122244e-19
9427.538150303544 1.0459698771508852e-18 1.829945636770609e-19
9440.19619629423 1.0161342435208714e-18 1.9685639767398046e-19
9452.854242284915 8.269843188991338e-19 1.779754785235436e-19
9465.5122882756 8.778499248783968e-19 1.937158425251463e-19
9478.170334266286 9.953671655638465e-19 1.7616830404132287e-19
9490.828380256971 8.233497980734554e-19 1.9357161240095754e-19
9503.486426247657 7.875471353016642e-19 1.725529007584976e-19
9516.144472238342 1.3967235044866868e-18 2.0086514233971583e-19
9528.802518229028 1.1066794893174631e-18 1.7072739356706565e-19
9541.460564219713 1.106713203516735e-18 1.8866911174777416e-19
9554.118610210398 1.0674849731057435e-18 1.72208001912437e-19
9566.776656201084 1.2440518264838703e-18 1.872030078120588e-19
9579.434702191767 8.908331406188236e-19 1.689071853546524e-19
9592.092748182455 8.423418422633326e-19 1.9199436198646524e-19
9604.750794173138 1.2054461389774215e-18 1.6806203087120265e-19
9617.408840163826 9.301797229697043e-19 1.807469160453385e-19
9630.06688615451 7.925277394639009e-19 1.66101274665346e-19
9642.724932145196 1.0083593456764171e-18 1.790180892350239e-19
9655.38297813588 6.541218652807804e-19 1.6378869712957016e-19
9668.041024126565 1.0540387889902105e-18 1.8002812308251769e-19
9680.69907011725 9.003902789887027e-19 1.6194042722648742e-19
9693.357116107936 1.0144909689618567e-18 1.7680043162719227e-19
9706.015162098622 7.55517985297728e-19 1.614262673899128e-19
9718.673208089307 8.611389847108355e-19 1.950276091475124e-19
9731.331254079993 8.83176410227673e-19 1.6008791876787393e-19
9743.989300070678 7.748216939411366e-19 1.7481095129693874e-19
9756.647346061363 9.419861464813822e-19 1.7336257028961874e-19
9769.305392052049 9.425735656620657e-19 1.74541909247135e-19
9781.963438042734 9.93433289942721e-19 1.7072788948151195e-19
9794.62148403342 9.21172843174041e-19 1.7273668118861823e-19
9807.279530024105 7.281317638280912e-19 1.677544765949198e-19
9819.93757601479 8.859367717211481e-19 1.7206098912629328e-19
9832.595622005476 8.835231489914763e-19 1.5543744907201478e-19
9845.253667996161 1.0096177113880266e-18 1.6996688974199872e-19
9857.911713986847 7.713360438908825e-19 1.5814476827168164e-19
9870.569759977532 9.549501764063123e-19 1.6840017283025438e-19
9883.227805968218 7.835803469059642e-19 1.305047292960155e-19
9895.885851958901 1.1836913626511882e-18 1.3974469633543137e-19
9908.543897949588 9.25765681361697e-19 1.2870758239485654e-19
9921.201943940272 1.0348745492090985e-18 1.5425934293261572e-19
9933.85998993096 8.704136709349606e-19 1.2798713012236548e-19
9946.518035921643 1.0830560678472989e-18 1.3876594072829773e-19
9959.176081912328 9.2249257119072e-19 1.269003492239069e-19
9971.834127903014 9.582683091111875e-19 1.4004855742245988e-19
9984.4921738937 8.454957370000657e-19 1.257976076057853e-19
9997.150219884385 9.504408170963312e-19 1.3305792889253255e-19
10009.80826587507 6.815765071577148e-19 1.2286013069611786e-19
10022.466311865755 1.2012667056084189e-18 1.3216680504980592e-19
10035.12435785644 1.0660715075962112e-18 1.2273842521582748e-19
10047.782403847126 7.142562958137797e-19 1.3883347434853592e-19
10060.440449837812 8.95466908721425e-19 1.2182816317116297e-19
10073.098495828497 1.0114258383606935e-18 1.2999210583406494e-19
10085.756541819183 9.98750482525e-19 1.2184278776196609e-19
10098.414587809868 1.1051654353038726e-18 1.304797526861174e-19
10111.072633800553 1.055465998905572e-18 1.2142308213314933e-19
10123.730679791239 8.845888223524444e-19 1.4103566922262758e-19
10136.388725781924 1.6396640397876778e-18 1.304509257368561e-19
10149.04677177261 9.8369024564542e-19 1.2898918041673912e-19
10161.704817763295 9.101529829608735e-19 1.1945358828560728e-19
10174.36286375398 9.93400023553875e-19 1.2752539103366006e-19
10187.020909744666 7.940471627604669e-19 1.187851688991318e-19
10199.678955735351 1.0131965818956868e-18 1.3908362068032433e-19
10212.337001726037 1.085277722604503e-18 1.189169035623975e-19
10224.995047716722 1.3478825914929377e-18 1.2772808112001955e-19
10237.653093707406 1.2791254642813655e-18 1.2061952545812967e-19
10250.311139698091 1.0632914365581423e-18 1.3113178650983299e-19
10262.969185688777 1.1681507281541187e-18 1.2454234088398426e-19
10275.627231679462 8.631453745085182e-19 1.2751182054842533e-19
10288.285277670147 1.0162315030342547e-18 1.151342939425414e-19
10300.943323660833 1.2455735806142729e-18 1.3363007599696427e-19
10313.601369651518 9.1992172678191e-19 1.1364150079556697e-19
10326.259415642204 9.353255887894898e-19 1.2040934356546063e-19
10338.91746163289 9.170638707484132e-19 1.1292772642934782e-19
10351.575507623575 1.111765787033241e-18 1.215285104312192e-19
10364.23355361426 1.0470887176179463e-18 1.142234204524903e-19
10376.891599604945 1.0045387298432843e-18 1.2092259169619853e-19
10389.54964559563 1.1191344069395442e-18 1.1502878131029189e-19
10402.207691586316 1.1513603526655106e-18 1.20453977078442e-19
10414.865737577002 1.0544683044745446e-18 1.1263510222054782e-19
10427.523783567687 1.0895463522423676e-18 1.2729754422614537e-19
10440.181829558373 9.439528013424357e-19 1.1242928518012576e-19
10452.839875549058 8.97630046441936e-19 1.1932696817866125e-19
10465.497921539743 1.1003016896303808e-18 1.1221495846740252e-19
10478.155967530427 8.916388529958714e-19 1.2029280576668667e-19
10490.814013521114 9.83369878219116e-19 1.117906650702153e-19
10503.472059511798 9.431892054881582e-19 1.2094595199391966e-19
10516.130105502485 9.750474596701558e-19 1.1163172321113627e-19
10528.788151493169 1.085127326895093e-18 1.1926851427348035e-19
10541.446197483856 9.355132283555276e-19 1.1533675175563806e-19
10554.10424347454 1.1161446972663426e-18 1.2324910803268822e-19
10566.762289465227 8.89188844589795e-19 1.12672292558319e-19
10579.42033545591 9.303133858668342e-19 1.2134972723984297e-19
10592.078381446596 8.858366672618613e-19 1.1201898366263216e-19
10604.736427437281 1.046652768711172e-18 1.2552271421720604e-19
10617.394473427967 8.911036915241278e-19 1.1069863638812002e-19
10630.052519418652 8.87675679775936e-19 1.2018106288489433e-19
10642.710565409338 1.1811351200928605e-18 1.137690610696993e-19
10655.368611400023 9.15702310505166e-19 1.1588205177650678e-19
10668.026657390708 7.587413843214387e-19 1.0817502667361586e-19
10680.684703381394 9.572042367574997e-19 1.160414554794709e-19
10693.34274937208 9.836810150274544e-19 1.080395154467612e-19
10706.000795362765 1.1228327712687214e-18 1.1814090678838075e-19
10718.65884135345 1.0960930629652607e-18 1.1386376136615216e-19
10731.316887344135 9.441933895094785e-19 1.1310678815787228e-19
10743.97493333482 1.0627499394535365e-18 1.077038364454377e-19
10756.632979325506 9.065643150987473e-19 1.1317599357156107e-19
10769.29102531619 9.686677244825806e-19 1.0730210874449339e-19
10781.949071306877 9.2020860037234e-19 1.1354962531002087e-19
10794.60711729756 1.0664920219798077e-18 1.074814177981342e-19
10807.265163288248 8.506836942193448e-19 1.1754706792232479e-19
10819.923209278932 8.755334804513152e-19 1.0650785473773193e-19
10832.581255269619 9.83136597336063e-19 1.1296638164325573e-19
10845.239301260302 1.0537069224056637e-18 1.0733306607233321e-19
10857.89734725099 9.72752116182842e-19 1.175784302923093e-19
10870.555393241673 7.666252975808415e-19 1.0665620612560432e-19
10883.213439232359 1.0065949334859675e-18 1.1539422598218925e-19
10895.871485223044 9.697708144318943e-19 1.1348363088507739e-19
10908.52953121373 8.448792670861255e-19 1.1640431624205824e-19
10921.187577204415 1.1704737879278042e-18 1.1110957302080657e-19
10933.8456231951 1.0170154349762038e-18 1.1098470653180743e-19
10946.503669185786 8.402925943229437e-19 1.0648939475660163e-19
10959.161715176471 9.070858043851507e-19 1.1013635492678068e-19
10971.819761167157 7.079622070502772e-19 1.0581598087057849e-19
10984.477807157842 8.614407507048084e-19 1.1157948587416946e-19
10997.135853148528 9.305821891027524e-19 1.0749622352768677e-19
11009.793899139213 1.0064079317574716e-18 1.1051116262239726e-19
11022.451945129898 9.005135856782144e-19 1.0586890926773549e-19
11035.109991120584 1.0647161377975672e-18 1.105779025934697e-19
11047.76803711127 1.140229684360801e-18 1.095595541808561e-19
11060.426083101953 9.247938214256414e-19 1.0961673404838016e-19
11073.08412909264 1.0076522074351822e-18 1.0714045163612379e-19
11085.742175083324 8.137505355610904e-19 1.0962815574562717e-19
11098.400221074011 9.0531382241949e-19 1.0759713108575582e-19
11111.058267064695 1.121281264734072e-18 1.1293890156797556e-19
11123.716313055382 1.1301112876123577e-18 1.0613651176134515e-19
11136.374359046065 9.408826417580587e-19 1.0928466837758365e-19
11149.032405036753 1.2643377273551608e-18 1.0655192663304266e-19
11161.690451027436 1.0704311506560667e-18 1.0987873901477188e-19
11174.348497018122 8.179696503388715e-19 1.0647764077691708e-19
11187.006543008807 8.758925765265296e-19 1.1171215020417714e-19
11199.664588999492 1.0523382602645876e-18 1.0673750690248876e-19
11212.322634990178 8.561386332708499e-19 1.1011171139842044e-19
11224.980680980863 9.709140278601554e-19 1.0599502793201207e-19
11237.638726971549 1.0602132351330916e-18 1.097852382094799e-19
11250.296772962234 8.809220303373116e-19 1.0790600932014515e-19
11262.95481895292 8.935399569338913e-19 1.090574768741496e-19
11275.612864943605 8.253972191071885e-19 1.0497951372261347e-19
11288.27091093429 1.1819213440720085e-18 1.1034210734715943e-19
11300.928956924976 8.777312982618426e-19 1.0498925638117986e-19
11313.587002915661 9.942191785399542e-19 1.1154970357029397e-19
11326.245048906347 8.856106597074518e-19 1.0503347702702854e-19
11338.903094897032 1.0270551652349579e-18 1.089800818994733e-19
11351.561140887716 1.1501896526089984e-18 1.0744624012024672e-19
11364.219186878403 8.512835510170342e-19 1.1082159533105603e-19
11376.877232869087 1.1811613365445615e-18 1.130665005328475e-19
11389.535278859774 1.0796414471857285e-18 1.199078411928938e-19
11402.193324850457 9.491372956098097e-19 1.2531814385763287e-19
11414.851370841145 9.469095549698966e-19 1.4143678418108124e-19
11427.509416831828 9.20405559941959e-19 1.4806412023234231e-19
11440.167462822516 1.239552366709982e-18 1.750647732211513e-19
11452.8255088132 1.3798792391933723e-18 1.8968951352039357e-19
11465.483554803885 1.0088575489374048e-18 2.3877679723436853e-19
11478.14160079457 1.4703686274969697e-18 2.4714215468177032e-19
11490.799646785255 9.223834564808802e-19 2.875106150921802e-19
11503.45769277594 1.5875687777477313e-18 3.334430332852817e-19
11516.115738766626 1.1488381386505694e-18 3.641395616972656e-19
11528.773784757312 9.408583264348463e-19 3.9589901070107696e-19
11541.431830747997 1.314120741566119e-18 4.538404230795184e-19
11554.089876738683 5.855699886511241e-19 4.960775360621129e-19
11566.747922729368 1.1683818568775657e-18 5.768798549939425e-19
11579.405968720053 2.398418490853161e-18 6.529253151517049e-19
