wv flam err
7908.062345769386 0.0 2.1091659184800764e-13
7920.034533239217 1.3946106372129757e-18 1.5011450875339765e-18
7932.006720709049 1.0291066393393562e-18 1.386563046393461e-18
7943.97890817888 1.8456267510732803e-19 1.3368302034424435e-18
7955.951095648712 1.6868626396530701e-18 1.254021639993675e-18
7967.923283118543 8.288847189990258e-19 1.2996603562675585e-18
7979.895470588374 7.106729682482912e-19 1.2341949237062623e-18
7991.867658058206 6.718533511543452e-19 1.1029769850301757e-18
8003.839845528037 3.3857966163014706e-19 1.080323844917662e-18
8015.812032997868 6.310507205914192e-20 1.034985307590843e-18
8027.7842204677 6.256782850923245e-19 1.0408401168305533e-18
8039.756407937532 2.732376020918032e-33 9.62507310215894e-19
8051.728595407363 2.891632096479825e-19 9.91410370494554e-19
8063.700782877194 3.5868968430786197e-19 8.92160817284633e-19
8075.6729703470255 1.5183762899413419e-18 8.706445732299698e-19
8087.645157816857 4.738217344591306e-19 7.880791916868601e-19
8099.617345286688 3.615897112219178e-19 7.669203043652746e-19
8111.5895327565195 8.270550583289755e-19 6.963395824068537e-19
8123.561720226351 8.367780173880519e-19 7.537132875501338e-19
8135.533907696183 4.442178250353249e-19 6.99644285378851e-19
8147.506095166013 3.343290789748429e-19 7.30652593976154e-19
8159.478282635845 4.555324168242648e-19 7.011141590412919e-19
8171.450470105677 7.400243781805683e-19 7.008066053681905e-19
8183.422657575508 5.7401753744997125e-19 6.708521184432062e-19
8195.394845045339 6.798326858700241e-19 6.687702961486902e-19
8207.36703251517 1.7782058153564296e-19 6.433775213063934e-19
8219.339219985002 1.8975859577186168e-18 6.22561856756394e-19
8231.311407454834 5.405260690647702e-19 6.093636958472314e-19
8243.283594924666 3.8327748693801616e-19 5.536731060196884e-19
8255.255782394495 8.634792080516798e-19 5.7792978766209e-19
8267.227969864327 7.990332751386961e-19 5.165692857081304e-19
8279.200157334159 1.429420046777079e-19 5.429607684234921e-19
8291.17234480399 1.653913685821937e-19 4.950171311055091e-19
8303.144532273822 5.242795649313259e-19 4.744715987525682e-19
8315.116719743653 5.871861762185445e-19 4.559562793972924e-19
8327.088907213485 6.488738314650506e-19 4.508051181702532e-19
8339.061094683315 5.905888043203492e-19 4.338830867958663e-19
8351.033282153148 6.76587437959684e-19 4.447501106799836e-19
8363.005469622978 4.2519031334234207e-19 4.2280256220253446e-19
8374.97765709281 7.348761275675027e-19 4.221433759854304e-19
8386.949844562641 6.644391402990737e-19 4.1473427494534277e-19
8398.922032032473 3.4465626152858753e-19 4.078602373315519e-19
8410.894219502305 7.321922614835037e-19 4.019730620899669e-19
8422.866406972136 9.061540384743275e-19 3.9675922581401334e-19
8434.838594441968 3.5398643766489517e-19 3.963002811730877e-19
8446.810781911798 4.755430329946383e-19 3.9167312223918663e-19
8458.78296938163 3.7017490503746507e-19 3.814902115900987e-19
8470.755156851461 4.433013052486052e-19 3.825795653626271e-19
8482.727344321293 3.082442205418303e-19 3.86723045588758e-19
8494.699531791124 8.212669242395776e-19 3.6153182852995427e-19
8506.671719260954 1.7829424961530022e-19 3.6562683825991964e-19
8518.643906730787 3.146676406007155e-19 3.5602515998089345e-19
8530.616094200617 7.563080461302215e-19 3.6222338341352e-19
8542.588281670449 4.457945438383338e-19 3.6751823806595624e-19
8554.56046914028 4.0149492651568703e-19 3.5632728518823246e-19
8566.532656610112 9.856919492988341e-19 3.7973517146475745e-19
8578.504844079944 2.8440761904250226e-19 3.4363701497827807e-19
8590.477031549775 3.6203721483802655e-19 3.756824548632387e-19
8602.449219019607 7.441436860806887e-19 3.4802923428858405e-19
8614.421406489437 3.0151375366629984e-19 3.7874770673431766e-19
8626.393593959268 4.804096464279903e-19 3.369830220366407e-19
8638.3657814291 3.845275374360116e-19 3.775810657319876e-19
8650.337968898932 5.133246039338704e-19 3.3948155840066433e-19
8662.310156368763 6.344506128654209e-19 3.756040397838692e-19
8674.282343838595 3.159384686467119e-19 3.3099534146565187e-19
8686.254531308427 8.500710757826786e-19 3.9542879171592725e-19
8698.226718778256 2.8849068314723897e-19 3.1398591544169727e-19
8710.19890624809 1.2236631774235602e-18 3.582188604577524e-19
8722.17109371792 3.3093006762432023e-19 3.0251025367347297e-19
8734.143281187751 4.966799962354924e-19 3.4613234158316514e-19
8746.115468657583 4.1552824908899416e-19 2.918590839479268e-19
8758.087656127414 3.7671994623711974e-19 3.3313127508952834e-19
8770.059843597246 8.460950121727812e-20 2.91396754919855e-19
8782.032031067078 1.896498755937998e-19 3.36499392246183e-19
8794.00421853691 2.7199260509475325e-19 2.8199516309089e-19
8805.97640600674 4.463007033476272e-19 3.18266818033548e-19
8817.94859347657 3.4532051919811834e-19 2.7969347633248654e-19
8829.920780946402 3.4390906405003355e-19 2.734086333015267e-19
8841.892968416234 5.403914426577381e-19 2.447161984443369e-19
8853.865155886066 3.8731481110690967e-19 2.6471806615799354e-19
8865.837343355895 4.479666407452454e-19 2.430017701284125e-19
8877.809530825729 1.0476921352752211e-19 2.5907100902252783e-19
8889.781718295559 3.809277766260485e-19 2.4012923165256165e-19
8901.75390576539 1.5654899703395592e-19 2.7555624100640133e-19
8913.726093235222 3.1429548641226155e-19 2.438445083641132e-19
8925.698280705054 2.6237720641115334e-19 2.4900622662091417e-19
8937.670468174885 3.583772770020137e-19 2.3844861081416723e-19
8949.642655644717 4.817113101871471e-19 2.4689274963911923e-19
8961.614843114548 2.658168486345296e-19 2.2988476534627737e-19
8973.587030584378 3.702308314364955e-19 2.4972624869362386e-19
8985.55921805421 3.3287815512245945e-19 2.262015570395198e-19
8997.531405524041 4.89236656950461e-19 2.2920835980516116e-19
9009.503592993873 3.721065287364039e-19 2.1428582561480887e-19
9021.475780463705 6.76284094498721e-19 2.265290085711505e-19
9033.447967933536 4.82794623805165e-19 2.1109696768790993e-19
9045.420155403368 5.169601322333717e-19 2.2835237208074373e-19
9057.392342873198 3.9441312679005625e-19 2.0941715788803948e-19
9069.36453034303 1.609624519369734e-19 2.263625935598641e-19
9081.336717812861 3.628745926845211e-19 1.9209898891154817e-19
9093.308905282693 3.5651369010263085e-19 2.0508043466027113e-19
9105.281092752524 3.4785498731410977e-19 1.884293322397971e-19
9117.253280222356 5.454220013271121e-19 2.0444307133812151e-19
9129.225467692188 5.007631728364284e-19 1.9165496430812465e-19
9141.197655162017 4.27359690535086e-19 1.9944124621177355e-19
9153.16984263185 1.3332769047828367e-19 1.8486469472936504e-19
9165.14203010168 3.6226863486072014e-19 1.974501774401126e-19
9177.114217571512 1.067210867146546e-19 1.8030708651023754e-19
9189.086405041344 5.156948622556477e-19 1.9073030248731383e-19
9201.058592511175 5.443412430517325e-19 1.811650113318247e-19
9213.030779981007 5.862676613251761e-19 1.98402953572024e-19
9225.002967450839 4.1519917588503094e-19 1.8611060566389573e-19
9236.97515492067 3.4250125220861715e-19 1.8712516441472922e-19
9248.9473423905 3.422853876820616e-19 1.7353366200879212e-19
9260.919529860332 2.665121354394821e-19 1.8087458813998702e-19
9272.891717330163 3.8491319613577876e-19 1.715583011310956e-19
9284.863904799995 3.351001985794078e-19 1.786227870948487e-19
9296.836092269827 4.097464666131437e-19 1.7167558394209915e-19
9308.808279739658 3.0583660329723667e-19 1.7921421360039632e-19
9320.78046720949 2.6114239884436622e-19 1.7671683764237642e-19
9332.75265467932 3.3382237706670865e-19 1.7617981491845803e-19
9344.724842149151 2.826344731906102e-19 1.7280879386974258e-19
9356.697029618983 3.3943622063103665e-19 1.7674206327186406e-19
9368.669217088815 1.5641367924496118e-19 1.737222199908171e-19
9380.641404558646 1.0018615955639423e-19 1.7497755637117752e-19
9392.613592028478 2.3649972778787707e-19 1.6671618432431008e-19
9404.58577949831 2.657021313386136e-19 1.7332885548719515e-19
9416.55796696814 1.9180379405150484e-19 1.696441352850679e-19
9428.53015443797 3.8670614945325365e-19 1.7487359508129584e-19
9440.502341907802 3.585817690931481e-19 1.6238948772751467e-19
9452.474529377634 2.171383192289988e-19 1.6961250351694415e-19
9464.446716847466 2.252526575290038e-19 1.599554430450704e-19
9476.418904317297 3.3891814882704025e-19 1.6770523401116557e-19
9488.391091787129 1.6441255427750237e-19 1.5852393312692203e-19
9500.36327925696 7.422228417571962e-20 1.6619101645316428e-19
9512.33546672679 8.624300788231952e-20 1.5663049750551034e-19
9524.307654196622 2.455377084455653e-19 1.663201313538397e-19
9536.279841666454 1.3844004802464254e-19 1.5406054894630606e-19
9548.252029136285 2.8387910105166167e-19 1.6956353055421952e-19
9560.224216606117 2.0898993760739058e-19 1.5308866851854095e-19
9572.196404075949 3.2392739955816933e-19 1.6461672305750756e-19
9584.16859154578 2.422536375080683e-19 1.5034646084549037e-19
9596.140779015612 1.1023284043272927e-19 1.5819500630284091e-19
9608.112966485442 2.528265305713759e-19 1.4909229817420821e-19
9620.085153955275 2.2236015300093126e-19 1.520951857118557e-19
9632.057341425105 2.134680254553761e-19 1.415127567972935e-19
9644.029528894936 2.199873051343539e-19 1.4956472111736863e-19
9656.001716364768 5.002655420937987e-19 1.4142545739398205e-19
9667.973903834598 3.7533798453940254e-19 1.5082364414170033e-19
9679.946091304431 3.0779802274178025e-19 1.4011133624991282e-19
9691.918278774261 2.801810304688599e-19 1.447829865311157e-19
9703.890466244093 1.7347883412077868e-19 1.3849288869028305e-19
9715.862653713924 2.504106774276972e-19 1.4702281355493453e-19
9727.834841183756 3.6009832324814126e-19 1.3750831861142966e-19
9739.807028653588 2.5622978448339124e-19 1.3629477376446567e-19
9751.779216123417 1.6946553710152702e-19 1.3851590771165674e-19
9763.75140359325 3.207752456094681e-19 1.3409578652007494e-19
9775.72359106308 3.126615606320578e-19 1.3512010552824256e-19
9787.695778532912 2.5530201578851488e-19 1.284518211089798e-19
9799.667966002744 3.173127929927396e-19 1.3546867840859444e-19
9811.640153472576 2.366299389538635e-19 1.2792202158368023e-19
9823.612340942407 2.5449814287107193e-19 1.3500687457658646e-19
9835.584528412239 1.9144321790599292e-19 1.2815042491659757e-19
9847.55671588207 1.0228902705595555e-19 1.314627984705042e-19
9859.528903351902 8.179011158686106e-20 1.253082069047435e-19
9871.501090821732 1.7018272645899002e-19 1.260269675269023e-19
9883.473278291563 2.3947556747701724e-19 1.2289686714257238e-19
9895.445465761395 2.518314998614147e-19 1.2534892641340393e-19
9907.417653231227 2.702387991406692e-19 1.2471333447748097e-19
9919.389840701058 2.5776819989862937e-19 1.270181002647992e-19
9931.36202817089 2.4952121607383377e-19 1.2444425597502276e-19
9943.334215640722 1.9049526971080476e-19 1.2568250319101974e-19
9955.306403110553 2.819941546412739e-19 1.241111397020845e-19
9967.278590580383 2.676377733447566e-19 1.2347942811924416e-19
9979.250778050215 4.522140000066171e-19 1.2438821896344938e-19
9991.222965520046 2.629470410071223e-19 1.230821109937371e-19
10003.195152989878 1.7110505236588317e-19 1.2801686743781114e-19
10015.16734045971 2.7583522003239384e-19 1.2324487286277553e-19
10027.13952792954 4.2811211717760573e-19 1.2035622352955518e-19
10039.111715399373 2.7165805959724106e-19 1.2127458986742862e-19
10051.083902869203 2.717266224637482e-19 1.192725887587828e-19
10063.056090339034 3.091784208814255e-19 1.1897055008344368e-19
10075.028277808866 3.9457414217623424e-19 1.186912879888544e-19
10087.000465278697 1.8317679817367852e-19 1.2173074709134257e-19
10098.972652748529 1.798096767950003e-19 1.2050870341075576e-19
10110.94484021836 1.586393449894996e-19 1.185374133227581e-19
10122.917027688192 1.8977656833361412e-19 1.1710825341023937e-19
10134.889215158022 2.0627780291894603e-19 1.1742083336236254e-19
10146.861402627854 1.6596317027700334e-19 1.1559267068427345e-19
10158.833590097685 1.8470322991390258e-19 1.1687922294301338e-19
10170.805777567517 8.560929080796083e-20 1.1476071298069037e-19
10182.777965037349 2.0831928022283907e-19 1.1841385524135798e-19
10194.75015250718 6.645365488004368e-20 1.145886595665661e-19
10206.722339977012 2.241211665590998e-19 1.2086880733117468e-19
10218.694527446843 2.050062800623692e-19 1.153603851928474e-19
10230.666714916675 4.779221051621791e-19 1.1895905071854422e-19
10242.638902386505 2.153071908645407e-19 1.141035476665396e-19
10254.611089856337 3.541204647853293e-19 1.2164326310788574e-19
10266.583277326168 2.8658050106948095e-19 1.1448071475414865e-19
10278.555464796 3.617010265013148e-19 1.1571355782650213e-19
10290.527652265831 3.357295832728577e-19 1.1399603304691435e-19
10302.499839735661 2.4210270637644025e-19 1.1405713878896188e-19
10314.472027205495 2.4425343018384207e-19 1.1249091652106672e-19
10326.444214675324 2.3458321901722985e-19 1.1267627778910094e-19
10338.416402145156 3.917918852747722e-19 1.1606313169080097e-19
10350.388589614988 1.8215534886393153e-19 1.1301630282160348e-19
10362.36077708482 2.8578480605812535e-19 1.1421519127572373e-19
10374.332964554651 4.186051456569896e-19 1.1252465487549823e-19
10386.30515202448 4.175871926362555e-19 1.1552867386768664e-19
10398.277339494314 3.1314860747081007e-19 1.1300929067980054e-19
10410.249526964144 4.751938202249591e-19 1.1962471311784626e-19
10422.221714433976 5.575899238492844e-19 1.1244001458344985e-19
10434.193901903807 4.6642314008106e-19 1.2594004337965833e-19
10446.166089373639 2.8380045453904697e-19 1.1690425543933762e-19
10458.13827684347 2.5617273384515653e-19 1.220794345837082e-19
10470.110464313302 3.248397856076647e-19 1.1594551615179904e-19
10482.082651783134 3.150047391204745e-19 1.1967598605107715e-19
10494.054839252964 3.55084672920945e-19 1.1593773692954786e-19
10506.027026722795 3.3430526951675705e-19 1.1911518290240054e-19
10517.999214192627 2.3200387541611246e-19 1.1626106910060553e-19
10529.971401662458 3.7849781519411263e-19 1.1817758540526546e-19
10541.94358913229 3.144518505350514e-19 1.2062190273207453e-19
10553.915776602122 3.8002616196698605e-19 1.1907195156838337e-19
10565.887964071953 2.5213429540875114e-19 1.175101011575923e-19
10577.860151541783 2.6115346758985364e-19 1.1754448295995995e-19
10589.832339011617 3.4127165808040775e-19 1.200377526598431e-19
10601.804526481446 2.5324885316236103e-19 1.1804503869990326e-19
10613.776713951278 2.2978764037175024e-19 1.187300934752784e-19
10625.74890142111 2.9811680875459666e-19 1.1790509080373835e-19
10637.72108889094 2.007891907409416e-19 1.1872034781932634e-19
10649.693276360773 1.8958293911914532e-19 1.1647381694935444e-19
10661.665463830603 2.7002217461676137e-19 1.1977881457053223e-19
10673.637651300436 3.105571325464764e-19 1.1560249811463196e-19
10685.609838770266 4.0987029661731482e-19 1.1623742374762385e-19
10697.5820262401 3.134476336482325e-19 1.1277316544985185e-19
10709.55421370993 2.601767757520241e-19 1.1333858346038492e-19
10721.52640117976 3.22608696501254e-19 1.124057152532441e-19
10733.498588649592 2.2896480421987354e-19 1.16014490281978e-19
10745.470776119422 2.811356004774914e-19 1.1205373026322245e-19
10757.442963589256 4.4933895041733265e-19 1.1267961330682226e-19
10769.415151059085 2.2653686282828454e-19 1.1152521630798533e-19
10781.387338528917 2.5920285220876414e-19 1.1235632414400587e-19
10793.359525998749 4.285340597441945e-19 1.1310205198672674e-19
10805.33171346858 2.330154502216062e-19 1.1393170008062628e-19
10817.303900938412 3.1262332542490556e-19 1.1258989301435148e-19
10829.276088408244 2.491084166491667e-19 1.1094264687894157e-19
10841.248275878075 2.5295325963781573e-19 1.1035657714401629e-19
10853.220463347905 2.9142637096858593e-19 1.1076293733666634e-19
10865.192650817737 4.260867397776661e-19 1.095844746665768e-19
10877.164838287568 4.3158886552519386e-19 1.1285039602193446e-19
10889.1370257574 2.7817951143289594e-19 1.1381855614055618e-19
10901.109213227232 2.7988893704077294e-19 1.1243772495846574e-19
10913.081400697063 3.6745939809851152e-19 1.1126846266175358e-19
10925.053588166895 3.544507136144898e-19 1.1179494366578532e-19
10937.025775636725 3.356939765089966e-19 1.1579822194984355e-19
10948.997963106558 3.7955983443813627e-19 1.1750075821958423e-19
10960.970150576388 4.390061587466111e-19 1.0994322752716296e-19
10972.94233804622 3.7363740997684707e-19 1.1108852816153117e-19
10984.914525516051 3.828697790159122e-19 1.1063075776090126e-19
10996.88671298588 5.042168097605947e-19 1.135103460932039e-19
11008.858900455714 2.9876251451442687e-19 1.1165775670582334e-19
11020.831087925544 1.8024457579888523e-19 1.144261910369322e-19
11032.803275395378 2.7704571259855334e-19 1.117172667047089e-19
11044.775462865207 3.4670069504125815e-19 1.1314479118711635e-19
11056.747650335039 3.2653520737933262e-19 1.1156898346086496e-19
11068.71983780487 4.860295641321939e-19 1.1141380772531355e-19
11080.692025274702 2.7490339330679903e-19 1.0906726008699683e-19
11092.664212744534 3.2884750556065727e-19 1.0822134720133823e-19
11104.636400214364 3.042340843547314e-19 1.1114645235059937e-19
11116.608587684197 4.873298386051197e-19 1.0838014720102937e-19
11128.580775154027 4.422186519194495e-19 1.0819236426209817e-19
11140.552962623859 4.614753766201895e-19 1.0757261772574771e-19
11152.52515009369 3.6971547274637874e-19 1.0916212907304718e-19
11164.497337563522 3.534571017107238e-19 1.0694931469398945e-19
11176.469525033353 4.799096345175937e-19 1.1133682207185083e-19
11188.441712503185 3.7929050890084937e-19 1.0751217331886621e-19
11200.413899973017 4.590415868924675e-19 1.095537694662005e-19
11212.386087442846 4.597520029331783e-19 1.0720023639490699e-19
11224.358274912678 5.584039312312906e-19 1.1226050013357239e-19
11236.33046238251 4.178336598542304e-19 1.1053542541549405e-19
11248.302649852341 5.233200066924207e-19 1.119466531333181e-19
11260.274837322173 4.246568073794008e-19 1.1108118738396724e-19
11272.247024792003 4.691532075542038e-19 1.1113294139263243e-19
11284.219212261836 3.7648941859187037e-19 1.115797822081843e-19
11296.191399731666 5.496763372821162e-19 1.0832138386493036e-19
11308.1635872015 3.5822841382828194e-19 1.0782729684662354e-19
11320.13577467133 4.033643041579183e-19 1.0877793181898616e-19
11332.10796214116 3.623564700494613e-19 1.0763563224450162e-19
11344.080149610993 2.9059675548229567e-19 1.0683939282261331e-19
11356.052337080822 4.6714473304207e-19 1.1044337470551262e-19
11368.024524550656 4.699394394373472e-19 1.0608144136732465e-19
11379.996712020486 6.750714078572283e-19 1.1424465970838908e-19
11391.968899490319 3.363040511577968e-19 1.1347369937546168e-19
11403.941086960149 3.9206452910269596e-19 1.2737910566126736e-19
11415.91327442998 4.904342090828749e-19 1.351043595534119e-19
11427.885461899812 4.54741157501862e-19 1.4809638684934296e-19
11439.857649369644 5.224519332011878e-19 1.564466187859005e-19
11451.829836839475 5.280477030522904e-19 1.8461770039633017e-19
11463.802024309305 4.230317891966096e-19 2.0100897840773667e-19
11475.774211779139 5.984349664950746e-19 2.3836251934556293e-19
11487.746399248968 8.255275654917165e-19 2.535174283916553e-19
11499.7185867188 6.187108951603729e-19 3.0201625191504784e-19
11511.690774188632 1.9353224605857382e-19 3.1222957737535815e-19
11523.662961658463 3.8998668302292277e-19 3.7186025345859445e-19
11535.635149128295 3.5345342242740502e-19 3.770149692365066e-19
11547.607336598125 6.313252360101641e-19 4.49912740954159e-19
11559.579524067958 3.704773019296829e-19 4.682594754479574e-19
11571.551711537788 4.851966731283527e-19 5.744302983511331e-19
11583.523899007621 6.310600344030543e-19 6.262914859518042e-19
