wv flam err
7906.532008571923 2.846772657267743e-18 1.634283239352904e-18
7918.722730589362 7.263603798675455e-19 9.339214206048213e-19
7930.913452606801 1.5085312089789004e-18 8.393689857020584e-19
7943.104174624239 1.60688739082602e-18 8.517326743909279e-19
7955.294896641678 5.653286482054115e-19 7.564351894829779e-19
7967.485618659117 1.354120435078553e-18 7.733222792221419e-19
7979.676340676556 9.266794216596414e-19 7.036845805895944e-19
7991.867062693995 1.0017674160366848e-18 7.446148643200741e-19
8004.057784711434 1.1727072539990462e-18 6.515927919819256e-19
8016.248506728873 1.000086783213748e-18 6.764268528117504e-19
8028.4392287463115 9.487362786647538e-19 6.153402911004681e-19
8040.6299507637505 5.481959518227148e-19 6.311181853525097e-19
8052.8206727811885 6.47820864834052e-19 5.991722454814714e-19
8065.011394798627 9.294803400820965e-19 6.048084516240273e-19
8077.202116816066 2.6956108082132566e-19 5.689782752877541e-19
8089.392838833505 7.71150004661786e-19 5.827545843927881e-19
8101.583560850944 2.9353408957887204e-19 5.502809871952026e-19
8113.774282868383 1.0227200428298853e-18 5.626275442393563e-19
8125.965004885822 4.789535492815111e-19 5.314396389331279e-19
8138.15572690326 1.0481261265027923e-18 5.529935881891814e-19
8150.3464489207 5.45945650238229e-19 5.240109855285914e-19
8162.537170938138 8.0829750647719845e-19 5.287332736333948e-19
8174.727892955577 1.0321386663413458e-19 4.993333034853567e-19
8186.918614973016 5.906742401125248e-19 5.1555191851313995e-19
8199.109336990456 4.861739353717143e-19 4.825383175515146e-19
8211.300059007894 8.157107500051003e-19 4.874519849263108e-19
8223.490781025332 3.076101378844396e-19 4.777045781760674e-19
8235.681503042772 6.095280782382241e-19 4.757247302501783e-19
8247.87222506021 3.587028984093527e-19 4.461556948980157e-19
8260.06294707765 3.192357338393518e-19 4.545147943967585e-19
8272.253669095087 9.222053543030854e-19 4.323304207105877e-19
8284.444391112527 1.2640831156689191e-18 4.289306170998246e-19
8296.635113129965 6.489839259711786e-19 4.1063461988389113e-19
8308.825835147403 4.72215873574951e-19 4.0063532853011404e-19
8321.016557164843 5.970773483035616e-19 3.8767210411949375e-19
8333.207279182281 7.454884249193358e-19 3.8429138458189106e-19
8345.398001199721 8.500550620116201e-19 3.7459494658912803e-19
8357.588723217159 5.697401690816468e-19 3.7348588662288744e-19
8369.779445234599 6.582769536810395e-19 3.6793752523769243e-19
8381.970167252037 5.670773284989306e-19 3.612176929266911e-19
8394.160889269475 8.279327240976692e-19 3.586395250530726e-19
8406.351611286915 8.981151108442239e-19 3.4970167351266275e-19
8418.542333304353 6.639498402214899e-19 3.4286782183205675e-19
8430.733055321793 7.77377369927186e-19 3.3717982567930324e-19
8442.92377733923 6.995485993691458e-19 3.329827355835986e-19
8455.11449935667 4.0570923790670213e-19 3.277890955047001e-19
8467.305221374108 5.811155744375088e-19 3.400759275678939e-19
8479.495943391546 9.911458087512407e-19 3.15793433776504e-19
8491.686665408986 4.1205061871139657e-19 3.146665090252096e-19
8503.877387426424 6.589843880403359e-19 3.057491764728658e-19
8516.068109443864 6.730959532989446e-19 3.08301281255191e-19
8528.258831461302 8.662408019281873e-19 3.0138356068923053e-19
8540.449553478742 4.721163919702011e-19 3.050305258651801e-19
8552.64027549618 6.362828565040471e-19 2.958313509314892e-19
8564.830997513618 2.0300753454320212e-19 3.0066726766537634e-19
8577.021719531058 7.328178035157604e-19 2.9440890009669334e-19
8589.212441548498 5.409166571835946e-19 3.0702632975365183e-19
8601.403163565936 7.048180028404687e-19 2.979022632761187e-19
8613.593885583374 5.506131844215546e-19 3.0504878720298647e-19
8625.784607600814 8.633290264896798e-19 2.9405074162202164e-19
8637.975329618252 1.0710412080584818e-18 2.9957354893966524e-19
8650.16605163569 1.164952219807759e-18 2.909015148354211e-19
8662.35677365313 4.504978325292929e-19 2.9163608256903037e-19
8674.54749567057 9.17283644051544e-19 2.9234292278798496e-19
8686.738217688007 5.887394870770425e-19 2.8167149169434975e-19
8698.928939705445 8.900226574945002e-19 2.7477178529823693e-19
8711.119661722885 8.82858716197956e-19 2.704085267928318e-19
8723.310383740323 7.661430945737764e-19 2.617856134113691e-19
8735.501105757763 5.798620399578017e-19 2.598300658174013e-19
8747.691827775201 5.707192708081998e-19 2.517150686164548e-19
8759.882549792641 8.724040491382624e-19 2.5117309794188894e-19
8772.073271810079 1.1265969307863067e-18 2.5128971436721884e-19
8784.263993827517 8.066009590958425e-19 2.5063380009953595e-19
8796.454715844957 7.683588425696392e-19 2.446061492025084e-19
8808.645437862395 7.82283692646387e-19 2.4537410072921906e-19
8820.836159879835 5.285508500793561e-19 2.4249978181453207e-19
8833.026881897273 3.241565638444153e-19 2.4028741824207476e-19
8845.217603914713 9.018787763202574e-19 2.375997363702435e-19
8857.40832593215 8.282142856028508e-19 2.359362916597799e-19
8869.599047949589 8.103627929597548e-19 2.3581363010796943e-19
8881.789769967028 1.0788136738214369e-18 2.370377150602429e-19
8893.980491984468 8.307676145680006e-19 2.3172219971853867e-19
8906.171214001906 1.2121780180435603e-18 2.2555261184670765e-19
8918.361936019344 9.711940208738627e-19 2.2558854928544063e-19
8930.552658036784 8.804022337641912e-19 2.208300799992072e-19
8942.743380054222 9.125638315279409e-19 2.2244068683414996e-19
8954.93410207166 9.181007215065654e-19 2.168212708296657e-19
8967.1248240891 6.819768640034122e-19 2.2400938164810074e-19
8979.31554610654 7.788947348821051e-19 2.1335875823209454e-19
8991.506268123978 7.359380431520138e-19 2.1228692555143133e-19
9003.696990141416 1.4650008882319043e-18 2.525852490600588e-19
9015.887712158856 6.014602468477238e-19 2.6533488503168756e-19
9028.078434176294 1.003475138626193e-18 2.5299988800766063e-19
9040.269156193734 1.0100587203775693e-18 2.672001210029926e-19
9052.459878211172 7.782771046840611e-19 2.5250024916814635e-19
9064.650600228611 6.365389815680509e-19 2.6715968802496724e-19
9076.84132224605 9.667357160724561e-19 2.5014476232836853e-19
9089.032044263487 1.3743973920540414e-18 2.658026889741654e-19
9101.222766280927 8.139738555014331e-19 2.470163353923746e-19
9113.413488298365 1.0872492367619766e-18 2.6644913556571454e-19
9125.604210315805 1.0679931394342297e-18 2.4169268426262765e-19
9137.794932333243 9.360432016719203e-19 2.5994377755915914e-19
9149.985654350683 8.954688557615135e-19 2.3843053455476183e-19
9162.176376368121 1.3276343090600987e-18 2.518492302835584e-19
9174.367098385559 7.092973947458552e-19 2.2976586929392797e-19
9186.557820402999 1.0094200549600884e-18 2.441836004008424e-19
9198.748542420437 1.2091904374856582e-18 2.26816142959193e-19
9210.939264437877 1.1284273430541519e-18 2.376498313564979e-19
9223.129986455315 8.391925119425773e-19 2.184162223468731e-19
9235.320708472755 1.6045268415118825e-18 2.3282816150043834e-19
9247.511430490193 1.2241409955444232e-18 2.1300673525658608e-19
9259.70215250763 1.256047423666013e-18 2.2780106350614722e-19
9271.89287452507 1.1057982282409163e-18 2.0964628741488142e-19
9284.08359654251 1.4452929200222137e-18 2.295904886806824e-19
9296.274318559948 9.6155819494386e-19 2.077424976883104e-19
9308.465040577386 1.4976236396673074e-18 2.2251849731389577e-19
9320.655762594826 1.0501263220770326e-18 2.0587139172304652e-19
9332.846484612264 1.2838769543581757e-18 2.2055882328745586e-19
9345.037206629702 1.3038271266405951e-18 2.0651824794213874e-19
9357.227928647142 1.3067084754567924e-18 2.2406943564803204e-19
9369.418650664582 1.4752601328129364e-18 2.0666309976644884e-19
9381.60937268202 1.5057032296954735e-18 2.1904414155757307e-19
9393.800094699458 1.4287459990021468e-18 2.0840492959881405e-19
9405.990816716898 1.442593557183349e-18 2.167205860816171e-19
9418.181538734336 1.2078552863486926e-18 2.0126709496957263e-19
9430.372260751776 1.5443216146843537e-18 2.1191227455484913e-19
9442.562982769214 1.4463154791398866e-18 1.992184576226513e-19
9454.753704786654 1.0502802920439061e-18 2.1268074733487079e-19
9466.944426804092 1.4866329410281531e-18 2.0142830990402975e-19
9479.13514882153 1.5841748143215535e-18 2.0653753644007353e-19
9491.32587083897 1.6970670304590144e-18 2.0196549228897513e-19
9503.516592856407 1.294113680253118e-18 1.6469175123657853e-19
9515.707314873847 1.3461077219790798e-18 1.5710670918322646e-19
9527.898036891285 1.4327219319133282e-18 1.6139017871686747e-19
9540.088758908725 1.3065919563807335e-18 1.562346202270162e-19
9552.279480926163 1.1315320331142496e-18 1.5907305305978623e-19
9564.470202943601 1.2773893212622963e-18 1.551450522132975e-19
9576.660924961041 1.5214521385861778e-18 1.5983792938136036e-19
9588.851646978479 1.2938298932154547e-18 1.5611202139523175e-19
9601.042368995919 1.5627261856395209e-18 1.5966201516991772e-19
9613.233091013357 1.4337648582157704e-18 1.5460686260120966e-19
9625.423813030797 1.3187965822417473e-18 1.5418690750430466e-19
9637.614535048235 1.2601858921139462e-18 1.5079911057941879e-19
9649.805257065675 1.3141464697161867e-18 1.5423794392009494e-19
9661.995979083113 1.1156548651026012e-18 1.4792851869110834e-19
9674.186701100552 1.3454849269194004e-18 1.5196747776173995e-19
9686.37742311799 1.408558910378416e-18 1.474881818604648e-19
9698.568145135428 1.519847528833573e-18 1.501851234465566e-19
9710.758867152868 1.6076749299856983e-18 1.4793457519709029e-19
9722.949589170306 1.3032921375942414e-18 1.4975860072115677e-19
9735.140311187744 1.3949851512624493e-18 1.4858607990491822e-19
9747.331033205184 1.4591324593398555e-18 1.4990904717492794e-19
9759.521755222624 1.810808592886001e-18 1.4722031134970175e-19
9771.712477240062 1.1970781326304654e-18 1.4814536833148936e-19
9783.9031992575 1.6464863384658077e-18 1.433515888974515e-19
9796.09392127494 1.2841813294177868e-18 1.449758538524741e-19
9808.284643292378 1.263174726233128e-18 1.4237019828345259e-19
9820.475365309818 1.5471058499389285e-18 1.44123871661931e-19
9832.666087327256 1.4816911901296684e-18 1.4189842072783715e-19
9844.856809344696 1.5017923592920655e-18 1.4543523144826766e-19
9857.047531362134 1.4884178126965814e-18 1.4122704926534694e-19
9869.238253379572 1.4142158137510837e-18 1.431143140469266e-19
9881.428975397012 1.0660567361938577e-18 1.4044768069607935e-19
9893.619697414451 1.2410946111184021e-18 1.4308230401392318e-19
9905.81041943189 1.2134216846818294e-18 1.4572175613089688e-19
9918.001141449327 1.356956151459808e-18 1.456799605226231e-19
9930.191863466767 1.2194665387119439e-18 1.4073831077435201e-19
9942.382585484205 1.370754564506138e-18 1.4583305567321288e-19
9954.573307501643 1.0655214351133208e-18 1.3825147040223893e-19
9966.764029519083 1.3262749546220625e-18 1.4450125091743445e-19
9978.954751536521 1.2182897968847289e-18 1.3712984838630555e-19
9991.145473553961 1.2147257507843565e-18 1.3962463004053682e-19
10003.336195571399 1.4017835038544263e-18 1.3493646792889134e-19
10015.526917588839 1.3841757910856946e-18 1.3716593375366049e-19
10027.717639606277 1.3034235048633909e-18 1.3324509927306697e-19
10039.908361623717 1.2646781762216934e-18 1.3669220694982526e-19
10052.099083641155 1.4680332466410726e-18 1.33338943224169e-19
10064.289805658595 1.4437670388076776e-18 1.3755925151291352e-19
10076.480527676033 1.2313893593286478e-18 1.2995771026799652e-19
10088.67124969347 1.4682719644688444e-18 1.3711805865752191e-19
10100.86197171091 1.4133716972718326e-18 1.3015447730210954e-19
10113.052693728348 1.4542800821554943e-18 1.3713588982371796e-19
10125.243415745786 1.366057289418776e-18 1.3018641316157989e-19
10137.434137763226 1.6413571098830415e-18 1.3538929573704154e-19
10149.624859780666 1.4841181444206476e-18 1.3247973975639334e-19
10161.815581798104 1.6822875975893232e-18 1.3652863352490423e-19
10174.006303815542 1.3471154676491626e-18 1.293185687491846e-19
10186.197025832982 1.7222975692628728e-18 1.3412174817174881e-19
10198.38774785042 1.3965655609690422e-18 1.3098244215548068e-19
10210.57846986786 1.5886280452622942e-18 1.343730000757808e-19
10222.769191885298 1.4113363061068463e-18 1.2555898317940833e-19
10234.959913902738 1.563316442070246e-18 1.3239807282442396e-19
10247.150635920176 1.544299361354338e-18 1.24427885977217e-19
10259.341357937614 1.4455063137068854e-18 1.3060980927370202e-19
10271.532079955054 1.4345501123993154e-18 1.2562466198680258e-19
10283.722801972493 1.564383906010146e-18 1.2842241160286964e-19
10295.913523989931 1.5158772297513142e-18 1.212601534383937e-19
10308.10424600737 1.352979481713645e-18 1.2715629480020197e-19
10320.29496802481 1.4926200410826327e-18 1.1943171413145972e-19
10332.485690042247 1.5015194174520776e-18 1.2677418006069565e-19
10344.676412059685 1.6474501708156223e-18 1.1905106219644247e-19
10356.867134077125 1.3670818905204431e-18 1.2715892900395154e-19
10369.057856094565 1.747538627494513e-18 1.1798539524757042e-19
10381.248578112003 1.4389325370183569e-18 1.2592439644807345e-19
10393.439300129441 1.4435323056625263e-18 1.1785538638483597e-19
10405.630022146881 1.3505892310423366e-18 1.2397483643142647e-19
10417.820744164319 1.6151158217417875e-18 1.172739293942046e-19
10430.011466181759 1.6410945203577263e-18 1.2447320293974287e-19
10442.202188199197 1.4750799227737143e-18 1.168427323868425e-19
10454.392910216637 1.5670796906949567e-18 1.2838817353533258e-19
10466.583632234075 1.5119134523166635e-18 1.185459585059744e-19
10478.774354251513 1.4799596221751576e-18 1.2539714027157125e-19
10490.965076268953 1.5576997985880406e-18 1.1674150200364575e-19
10503.15579828639 1.455826808546838e-18 1.237849670538851e-19
10515.34652030383 1.7071049942832959e-18 1.173850726061925e-19
10527.537242321268 1.5933610407925437e-18 1.2523840275681964e-19
10539.727964338708 1.76981605886078e-18 1.1913922109886471e-19
10551.918686356146 1.691833371090508e-18 1.2415960687017021e-19
10564.109408373584 1.7914768409146784e-18 1.1764286312994384e-19
10576.300130391024 1.4714144259485144e-18 1.2287123567888858e-19
10588.490852408464 1.5771279880609385e-18 1.1707973680906175e-19
10600.6815744259 1.7265015701928476e-18 1.2287435750372972e-19
10612.87229644334 1.5670587427752664e-18 1.1712492518170248e-19
10625.06301846078 1.6065271823981573e-18 1.2290460482306306e-19
10637.253740478218 1.6974576294683036e-18 1.1682049370354913e-19
10649.444462495656 1.7087899365180736e-18 1.2041776202491984e-19
10661.635184513096 1.7599638073826045e-18 1.153262706873795e-19
10673.825906530536 1.6309043470294795e-18 1.189486245103566e-19
10686.016628547974 1.6524384041059563e-18 1.1614654629029482e-19
10698.207350565412 1.6164707118116752e-18 1.192006550569535e-19
10710.398072582851 1.6915109967220688e-18 1.1487315619175638e-19
10722.58879460029 1.6563637851924114e-18 1.1822694727989218e-19
10734.779516617727 1.633171275965201e-18 1.140919363968722e-19
10746.970238635167 1.6653756132268794e-18 1.1666791836821662e-19
10759.160960652607 1.488074096139847e-18 1.1509797778371054e-19
10771.351682670045 1.6227852006429222e-18 1.1673119159709162e-19
10783.542404687483 1.6713694393541868e-18 1.1352523751778243e-19
10795.733126704923 1.5923105185097387e-18 1.164132615414265e-19
10807.923848722363 1.6537713272522396e-18 1.137191247451202e-19
10820.1145707398 1.6595974430059387e-18 1.1588166912431508e-19
10832.305292757239 1.536232831938683e-18 1.1410680443683148e-19
10844.496014774679 1.736320133511553e-18 1.1608599163860144e-19
10856.686736792117 1.6958581190975012e-18 1.174441790190435e-19
10868.877458809555 1.6649625405739954e-18 1.1635291800318206e-19
10881.068180826995 1.5971675006523956e-18 1.195765920956328e-19
10893.258902844433 1.5226576482845022e-18 1.1397825938137687e-19
10905.449624861873 1.739037328739515e-18 1.1433771857271566e-19
10917.64034687931 1.6046846470542294e-18 1.1361322655299756e-19
10929.83106889675 1.5857718962210874e-18 1.1315507350980464e-19
10942.021790914188 1.6363716491836437e-18 1.1313332676608772e-19
10954.212512931626 1.4990618937542587e-18 1.1342752755416355e-19
10966.403234949066 1.761918379824829e-18 1.1665453624588028e-19
10978.593956966506 1.6358066894803653e-18 1.1519577930908106e-19
10990.784678983942 1.6479017909035159e-18 1.1206624042938497e-19
11002.975401001382 1.9202912754619053e-18 1.1487906422897087e-19
11015.166123018822 1.7863460351070888e-18 1.1137451731615385e-19
11027.35684503626 1.825846404612637e-18 1.1245297732208381e-19
11039.547567053698 1.8587585594139684e-18 1.1875873703693174e-19
11051.738289071138 1.779708992157901e-18 1.1256133754420012e-19
11063.929011088578 1.6258933169516115e-18 1.2177851716564414e-19
11076.119733106016 1.5692702060943086e-18 1.1912611620184305e-19
11088.310455123454 1.7815096008076762e-18 1.2313853029870516e-19
11100.501177140894 1.6309544068991457e-18 1.2259950322616986e-19
11112.691899158332 1.737153729047937e-18 1.2085544328111053e-19
11124.88262117577 1.6417187599203893e-18 1.419364461668921e-19
11137.07334319321 1.589772974515749e-18 1.193257808334813e-19
11149.26406521065 1.380055554251731e-18 1.4314994297170094e-19
11161.454787228087 1.5627420801293853e-18 1.3451805721373246e-19
11173.645509245525 1.6613658431526258e-18 1.4344835544784124e-19
11185.836231262965 1.6009430521276571e-18 1.340096020705343e-19
11198.026953280405 1.6392577622241686e-18 1.429719174722072e-19
11210.217675297841 1.3854204031528719e-18 1.3495337282214664e-19
11222.408397315281 1.5790111125096596e-18 1.3886190802768349e-19
11234.59911933272 1.3777150173773489e-18 1.3325976518849859e-19
11246.789841350159 1.3324126712415685e-18 1.3797900982390367e-19
11258.980563367597 1.6636212342804024e-18 1.3339595098112053e-19
11271.171285385037 1.4458673293134907e-18 1.351949241567958e-19
11283.362007402477 1.4397464914244623e-18 1.5258424749289156e-19
11295.552729419915 1.4095683009988043e-18 1.53890545038737e-19
11307.743451437353 1.4867718128694275e-18 1.8619903144573526e-19
11319.934173454792 1.2103238371465741e-18 1.905070735784486e-19
11332.12489547223 1.316725537809643e-18 1.8598030560811727e-19
11344.315617489669 1.6772867248001685e-18 1.9292476234932623e-19
11356.506339507108 1.3299550016407997e-18 1.8975919134023005e-19
11368.697061524546 1.1456050817192588e-18 1.9831170665784334e-19
11380.887783541986 1.2732910707124513e-18 2.0171307327282955e-19
11393.078505559424 1.2369184788316612e-18 2.1515946513213652e-19
11405.269227576864 9.835782627860249e-19 2.266849928260081e-19
11417.459949594302 1.0984331374964146e-18 2.4831803753295843e-19
11429.65067161174 1.2506415249290358e-18 2.7122798801647076e-19
11441.84139362918 1.1913174790024202e-18 3.0436750072104994e-19
11454.03211564662 1.1778220942105318e-18 3.4362516050794457e-19
11466.222837664056 8.261426099766121e-19 3.868327180088e-19
11478.413559681496 7.733176611121233e-19 4.432617462494311e-19
11490.604281698936 1.1789167878389858e-18 5.018758671959153e-19
11502.795003716374 1.520550691202105e-18 5.778481624565765e-19
11514.985725733812 2.1581172922531293e-18 6.384235512682755e-19
11527.176447751252 2.233045011409191e-18 7.284511169520104e-19
11539.367169768691 2.0010328515870462e-18 8.151035354763354e-19
11551.55789178613 1.5487881621197322e-18 9.57459146843377e-19
11563.748613803567 1.1224117585510442e-18 9.988591458494233e-19
11575.939335821007 2.0048150935917073e-18 1.2024207510694962e-18
