wv flam err
7907.227588193527 1.8457100074412005e-19 1.6707660192736407e-18
7919.242726684555 1.1322471423542084e-18 8.98382813050113e-19
7931.257865175583 1.2302337475430637e-18 8.439635448119448e-19
7943.273003666612 1.5462936175946259e-18 7.892810148925618e-19
7955.28814215764 1.9487983662834296e-18 7.768254207922503e-19
7967.303280648669 9.835945138099395e-19 7.074449219750852e-19
7979.318419139698 1.0513163577160185e-18 6.961567108262165e-19
7991.333557630726 1.2920817466464628e-18 6.5924547340916545e-19
8003.348696121754 1.9057206075224195e-18 6.551399244818279e-19
8015.363834612783 1.7162513211624452e-18 6.142431693875768e-19
8027.378973103811 7.707066227140925e-19 6.177915803669947e-19
8039.39411159484 5.419615534904917e-19 5.87760446278223e-19
8051.409250085869 1.1365975744483089e-18 5.913276083939654e-19
8063.424388576897 4.592459540125682e-19 5.677165417050415e-19
8075.439527067925 9.091463027933212e-19 5.722864587488645e-19
8087.454665558954 1.5019191455994252e-18 5.508738853010785e-19
8099.4698040499825 1.1582347852483095e-18 5.596637930413747e-19
8111.484942541011 1.4444078660299035e-18 5.336297822392908e-19
8123.50008103204 9.277231959583708e-19 5.412881525969721e-19
8135.515219523068 1.7027021436252095e-18 5.243309326813125e-19
8147.530358014097 1.403156084236311e-18 5.339972490876097e-19
8159.545496505125 1.4660222210465944e-18 5.060816526150124e-19
8171.560634996154 8.918131102897533e-19 5.104639593831378e-19
8183.575773487182 1.2049878320202782e-18 4.830862504400941e-19
8195.59091197821 8.754714814900625e-19 4.91925426055297e-19
8207.60605046924 5.878019717208911e-19 4.707647297064485e-19
8219.621188960267 5.040507994466058e-19 4.64580235931545e-19
8231.636327451295 8.913958519448618e-19 4.405589432424136e-19
8243.651465942325 1.1907369595287246e-18 4.404074679549012e-19
8255.666604433352 1.1858135366979921e-18 4.157222958900911e-19
8267.681742924382 1.5864305928917168e-18 4.195068511202182e-19
8279.69688141541 9.97615027739079e-19 3.941359432714715e-19
8291.712019906437 4.683842920224529e-19 3.9736923751677233e-19
8303.727158397467 8.423972669157832e-19 3.793355148637331e-19
8315.742296888495 6.455444948586394e-19 3.911402683258228e-19
8327.757435379524 1.2060241659494683e-18 3.7255653323057135e-19
8339.772573870552 1.1524271389185243e-18 3.743567078830923e-19
8351.787712361582 7.573793747157085e-19 3.6166018088271686e-19
8363.80285085261 1.0477542719968277e-18 3.6881293972290165e-19
8375.817989343639 1.192076215271192e-18 3.5143028670097764e-19
8387.833127834667 8.540620618477868e-19 3.556124131448845e-19
8399.848266325695 1.1138683028786713e-18 3.432631279388547e-19
8411.863404816724 9.43923365658806e-19 3.451281652534923e-19
8423.878543307752 1.1112035466590192e-18 3.2833484017858777e-19
8435.893681798781 8.173858028764868e-19 3.3197840103428015e-19
8447.90882028981 9.202282201002311e-19 3.1778719217618564e-19
8459.923958780837 9.95301473721928e-19 3.2083346128238425e-19
8471.939097271867 9.900814123036779e-19 3.076118365964492e-19
8483.954235762894 8.281793385120625e-19 3.1628387606341655e-19
8495.969374253924 4.3102951970710064e-19 3.112673255316546e-19
8507.984512744952 6.238264016469413e-19 3.073315512159238e-19
8519.99965123598 7.065203932036292e-19 2.9332744774985064e-19
8532.014789727009 1.029597686009128e-18 3.0000148040870575e-19
8544.029928218037 9.884221359400042e-19 2.9176461486549167e-19
8556.045066709066 7.303590345564667e-19 2.9840717218093886e-19
8568.060205200094 8.168299792539918e-19 2.9398090179702393e-19
8580.075343691122 7.567453455973297e-19 3.0355234041317406e-19
8592.090482182151 1.101600074828266e-18 2.935468131249381e-19
8604.10562067318 1.1315038926563028e-18 3.022622209704885e-19
8616.120759164209 1.1006620162371185e-18 2.925862105996843e-19
8628.135897655236 8.639135693686857e-19 3.0227895277321577e-19
8640.151036146264 1.132019451801657e-18 2.910382435146111e-19
8652.166174637294 1.1992172364005175e-18 2.96461028427702e-19
8664.181313128322 1.0775176183812171e-18 2.845971094710421e-19
8676.196451619351 8.518026848351088e-19 2.8676234428552993e-19
8688.211590110379 8.618850508752358e-19 2.7672731769026453e-19
8700.226728601407 8.938303924445038e-19 2.7691292258493e-19
8712.241867092436 1.5452672769369991e-18 2.6482705839125684e-19
8724.257005583466 1.0785933808943875e-18 2.694489827486587e-19
8736.272144074494 1.233758455438425e-18 2.5984920335021087e-19
8748.287282565521 1.056373801587617e-18 2.607670477608672e-19
8760.30242105655 1.040679596744023e-18 2.4764175379933065e-19
8772.317559547579 1.1461491223343422e-18 2.5134786122832255e-19
8784.332698038608 1.1951474938316705e-18 2.427907614997677e-19
8796.347836529636 1.228836427887255e-18 2.4524315786485044e-19
8808.362975020664 1.1357805547779287e-18 2.3990253906397815e-19
8820.378113511693 1.3980464985591966e-18 2.442513117685043e-19
8832.393252002721 1.01859832351487e-18 2.354398426819947e-19
8844.40839049375 9.966978868984052e-19 2.3789890302771126e-19
8856.423528984778 1.0777204421664177e-18 2.309910478816542e-19
8868.438667475806 9.087900715250572e-19 2.3412881388628135e-19
8880.453805966836 1.1689177924477202e-18 2.270289656094005e-19
8892.468944457863 1.068183863954135e-18 2.3422856622017096e-19
8904.484082948893 1.6241337458200302e-18 2.260549008882083e-19
8916.49922143992 1.2795949421686048e-18 2.307831655076254e-19
8928.514359930949 1.1488671987172485e-18 2.2565818095544736e-19
8940.529498421978 1.235467087872834e-18 2.3517398975632003e-19
8952.544636913006 1.2236835769099747e-18 2.267333895803295e-19
8964.559775404035 1.3874093767041971e-18 2.3345349864928237e-19
8976.574913895063 1.5131650210215536e-18 2.270844370463465e-19
8988.590052386091 1.151860636974413e-18 2.2943393699479045e-19
9000.60519087712 1.2015828352840361e-18 2.2582358459939605e-19
9012.620329368148 1.3268198846687263e-18 2.3153907348434955e-19
9024.635467859178 1.2869032152688984e-18 2.2033273416425735e-19
9036.650606350206 1.4074669815908532e-18 2.2812572497093974e-19
9048.665744841233 1.3842570461213431e-18 2.1980956319991e-19
9060.680883332263 1.382305349735449e-18 2.255059195727922e-19
9072.69602182329 1.3420921595205982e-18 2.1914700888628417e-19
9084.71116031432 1.0725608380219952e-18 2.2163168070442324e-19
9096.726298805348 1.0108902818362615e-18 2.1753104924720617e-19
9108.741437296376 1.4360743179584012e-18 2.202786130571927e-19
9120.756575787405 1.3392425114705497e-18 2.1279859858347561e-19
9132.771714278435 1.4818260467103172e-18 2.1656767392898063e-19
9144.786852769463 1.4993043092724803e-18 2.0895693491661914e-19
9156.80199126049 1.6081283742611516e-18 2.0869882657767496e-19
9168.817129751518 9.598917400335754e-19 2.006222151867346e-19
9180.832268242548 1.2757191449124728e-18 2.108937019674263e-19
9192.847406733577 1.4521209234996345e-18 1.9849728650948e-19
9204.862545224605 1.5210053638171073e-18 2.1020752713651293e-19
9216.877683715633 1.4692521742397286e-18 1.9464375727767526e-19
9228.892822206662 1.2760069038609952e-18 2.0106588638395546e-19
9240.90796069769 1.1761077295528693e-18 1.9231281828675656e-19
9252.92309918872 1.1212867767384659e-18 1.9415375782243857e-19
9264.938237679748 1.2657272636023027e-18 1.8928020677285474e-19
9276.953376170775 1.3773955799983597e-18 1.9213252483539727e-19
9288.968514661805 1.555867472730746e-18 1.8755533713943607e-19
9300.983653152833 1.396616587581196e-18 1.9106022811147811e-19
9312.998791643862 1.2925085875485636e-18 1.8659617175667953e-19
9325.01393013489 1.2205397649191555e-18 1.8893139045481166e-19
9337.029068625918 1.0488815871813445e-18 1.8406422431098536e-19
9349.044207116947 1.0724217997823934e-18 1.8988028889452966e-19
9361.059345607975 8.391936901921049e-19 1.8541514657172477e-19
9373.074484099005 8.701869808987759e-19 1.8616828110876508e-19
9385.089622590032 1.139967998580905e-18 1.8236214090932675e-19
9397.10476108106 1.3396736416598418e-18 1.8717156723893922e-19
9409.11989957209 9.946771603487867e-19 1.8079612934908757e-19
9421.135038063117 1.0672572230188092e-18 1.8264311778721294e-19
9433.150176554147 1.3878277815504765e-18 1.8076654418067793e-19
9445.165315045175 1.887360168225555e-18 1.847266789988013e-19
9457.180453536203 1.400212441497651e-18 1.7462842010780615e-19
9469.195592027232 1.0568196438823529e-18 1.7726397935004421e-19
9481.21073051826 1.2826317499937692e-18 1.732497878751946e-19
9493.22586900929 1.4717335203060072e-18 1.7571568107245832e-19
9505.241007500317 1.5300300011114765e-18 1.760511528347126e-19
9517.256145991345 1.4373681669639563e-18 1.7263017563914823e-19
9529.271284482375 1.5656802635024343e-18 1.7129877485815027e-19
9541.286422973402 1.4653503345692418e-18 1.7408388068054277e-19
9553.301561464432 1.3927763044894972e-18 1.6839070802824069e-19
9565.31669995546 1.4491140952764128e-18 1.6953618044235318e-19
9577.33183844649 1.6808690278582151e-18 1.6614939232833824e-19
9589.346976937517 1.4433235661800737e-18 1.6829069232689288e-19
9601.362115428545 1.1977891434523338e-18 1.6433045603650483e-19
9613.377253919574 1.2612974395750888e-18 1.6823761725122449e-19
9625.392392410602 1.6485374790626888e-18 1.6247506046237996e-19
9637.407530901632 1.5587745818660937e-18 1.649890243181979e-19
9649.42266939266 1.5062184404259707e-18 1.6105507734893926e-19
9661.437807883689 1.3066614012698406e-18 1.630055650154854e-19
9673.452946374717 1.4720759279286944e-18 1.635581708686963e-19
9685.468084865744 1.3986643068897968e-18 1.6227233596296424e-19
9697.483223356774 1.5239390850969708e-18 1.6105750857147474e-19
9709.498361847802 1.3900783968183864e-18 1.630677011620287e-19
9721.513500338831 1.1172320764941925e-18 1.5825586030275638e-19
9733.52863882986 1.3936619365723586e-18 1.5969287669905007e-19
9745.543777320887 1.5312202234444108e-18 1.5687593692439371e-19
9757.558915811916 1.4502601418782531e-18 1.571797882799295e-19
9769.574054302944 1.590316228645445e-18 1.5418349533079387e-19
9781.589192793974 1.4915306739117119e-18 1.572451005901192e-19
9793.604331285002 1.722474723379384e-18 1.5523674749346154e-19
9805.61946977603 1.4483878562652e-18 1.5671674304727066e-19
9817.634608267059 1.6523452026998142e-18 1.561130040350709e-19
9829.649746758088 1.5680167633611963e-18 1.5533437656794815e-19
9841.664885249116 1.7765532178425154e-18 1.5146789455188854e-19
9853.680023740144 1.5747445572003054e-18 1.5398745204612591e-19
9865.695162231172 1.5187112519977309e-18 1.5466322456737817e-19
9877.710300722201 1.5793749252426674e-18 1.547133224848313e-19
9889.72543921323 1.6132089046457918e-18 1.522474556579693e-19
9901.740577704259 1.508041265703593e-18 1.531517890808193e-19
9913.755716195286 1.6220090311128491e-18 1.5112023645331821e-19
9925.770854686314 1.4786166797602665e-18 1.5584996650652467e-19
9937.785993177344 1.3055251875211731e-18 1.5337900781771606e-19
9949.801131668371 1.5690021517297433e-18 1.5157555186337332e-19
9961.816270159401 1.5843147988773002e-18 1.4991941236632294e-19
9973.831408650429 1.5811902432958957e-18 1.5058043462132343e-19
9985.846547141457 1.689069648516939e-18 1.4741464218867575e-19
9997.861685632486 1.3686093956802593e-18 1.4692906669447195e-19
10009.876824123514 1.6674891345650233e-18 1.4487581263795093e-19
10021.891962614543 1.5129710000546225e-18 1.4667748758806766e-19
10033.907101105571 1.5602579899810576e-18 1.4366364615610658e-19
10045.9222395966 1.4414330888198336e-18 1.4777901902293444e-19
10057.937378087629 1.6340524953801722e-18 1.4603171185893703e-19
10069.952516578656 1.769858132721256e-18 1.5274440835037076e-19
10081.967655069686 1.7517071343191897e-18 1.430878095680252e-19
10093.982793560714 1.3975136365832333e-18 1.460473198740188e-19
10105.997932051743 1.4603147990980494e-18 1.4196337591342814e-19
10118.013070542771 1.3508561463501267e-18 1.444000831981255e-19
10130.0282090338 1.5772822991375195e-18 1.4401838820473198e-19
10142.043347524828 1.7761836035558505e-18 1.4516685320347758e-19
10154.058486015856 1.3550947108195257e-18 1.4418297842546888e-19
10166.073624506886 1.5041953065228804e-18 1.4321356496789061e-19
10178.088762997913 1.3506956326418226e-18 1.4471257840182218e-19
10190.103901488943 1.501943416087743e-18 1.4194507941045495e-19
10202.11903997997 1.6556186467557415e-18 1.444793202190937e-19
10214.134178470998 1.5448724114817542e-18 1.410881150405149e-19
10226.149316962028 1.4568232331656243e-18 1.3800301007010815e-19
10238.164455453058 1.4781941545940939e-18 1.3968958402535033e-19
10250.179593944085 1.4877839644933988e-18 1.3796192731329977e-19
10262.194732435113 1.3277943861885498e-18 1.4116846647287124e-19
10274.20987092614 1.5298373345813216e-18 1.3646236836352082e-19
10286.22500941717 1.496927584986851e-18 1.3729549445779128e-19
10298.2401479082 1.5439039803335354e-18 1.3579492050561528e-19
10310.255286399228 1.6283490504178644e-18 1.3623173778224303e-19
10322.270424890256 1.5561811844497109e-18 1.329010402877637e-19
10334.285563381283 1.740217874753058e-18 1.3460732070347985e-19
10346.300701872313 1.7332512458570791e-18 1.330179107108178e-19
10358.315840363342 1.4922777144452145e-18 1.3457048481894826e-19
10370.33097885437 1.7008161953160812e-18 1.3343696703165286e-19
10382.346117345398 1.394003454249349e-18 1.3453841784623676e-19
10394.361255836426 1.67445029135016e-18 1.3299168442321644e-19
10406.376394327455 1.3800944313177535e-18 1.3227084878397243e-19
10418.391532818485 1.8508406833372564e-18 1.3510559847123675e-19
10430.406671309513 1.484963573124125e-18 1.3116349190367486e-19
10442.42180980054 1.5377179079585322e-18 1.2719578196050493e-19
10454.436948291568 1.6952651568843773e-18 1.2786080431774087e-19
10466.452086782598 1.750005490345802e-18 1.244327829711789e-19
10478.467225273627 1.6491769150743164e-18 1.2496729246486898e-19
10490.482363764655 1.4250799886041895e-18 1.2321335125704721e-19
10502.497502255683 1.4584148960573237e-18 1.2368210274947323e-19
10514.512640746712 1.4791013394400623e-18 1.2500532397350307e-19
10526.52777923774 1.6589710944172457e-18 1.2340967323826024e-19
10538.54291772877 1.4735201205485915e-18 1.2365660732063324e-19
10550.558056219797 1.4799023252723532e-18 1.241702839973598e-19
10562.573194710825 1.5242644169427747e-18 1.2154499472426895e-19
10574.588333201855 1.5199452090231164e-18 1.231411089162852e-19
10586.603471692883 1.5934509643712781e-18 1.2186302531479647e-19
10598.618610183912 1.5846901457828167e-18 1.2583454130934557e-19
10610.63374867494 1.5996400808694895e-18 1.2208765698346918e-19
10622.648887165968 1.661576192181164e-18 1.2513428101089638e-19
10634.664025656997 1.5919336531698883e-18 1.1885301404915433e-19
10646.679164148025 1.4474329026260776e-18 1.2133430237940564e-19
10658.694302639055 1.4048606801760456e-18 1.1948637349821852e-19
10670.709441130082 1.3737272928348516e-18 1.1842811791182722e-19
10682.72457962111 1.4435148793235106e-18 1.1747218576916414e-19
10694.73971811214 1.400125580359424e-18 1.1500761835456096e-19
10706.75485660317 1.551223427225288e-18 1.153933130577434e-19
10718.769995094197 1.6288765674951956e-18 1.1451479019596267e-19
10730.785133585225 1.5751617532037495e-18 1.1562200840371002e-19
10742.800272076252 1.4712169822311403e-18 1.139234442611846e-19
10754.815410567282 1.5440355483679296e-18 1.1403677773139514e-19
10766.830549058312 1.349818364810446e-18 1.1349253190999207e-19
10778.84568754934 1.4852406571815548e-18 1.1364304976254067e-19
10790.860826040367 1.6554284258713875e-18 1.1369662236066266e-19
10802.875964531395 1.524929302922675e-18 1.1272047664154468e-19
10814.891103022424 1.6581945005219522e-18 1.1323312762455004e-19
10826.906241513454 1.536038564410493e-18 1.1483845245510823e-19
10838.921380004482 1.5197112655910022e-18 1.1474449487745611e-19
10850.93651849551 1.4692297232464665e-18 1.120042419449205e-19
10862.951656986537 1.634692291112468e-18 1.1242002520900227e-19
10874.966795477567 1.4565853662614812e-18 1.1138648049949768e-19
10886.981933968596 1.5805659224018577e-18 1.1177374738662013e-19
10898.997072459624 1.5922519648072706e-18 1.1154003860888204e-19
10911.012210950652 1.4571656391746122e-18 1.1361554211418133e-19
10923.02734944168 1.2792231139247553e-18 1.1115385282518658e-19
10935.04248793271 1.5729233567064777e-18 1.115921499185774e-19
10947.057626423739 1.3940046601860688e-18 1.1095008135049736e-19
10959.072764914767 1.5333775431980082e-18 1.1634290621188284e-19
10971.087903405794 1.5680855865687723e-18 1.1110090080552299e-19
10983.103041896824 1.6641848920817408e-18 1.1281150829879384e-19
10995.118180387852 1.531745422535342e-18 1.1340395240592185e-19
11007.133318878881 1.5358106087079477e-18 1.1496449847836431e-19
11019.148457369909 1.5626643618552574e-18 1.1113710103986124e-19
11031.163595860937 1.6108302029409066e-18 1.1097984038391005e-19
11043.178734351966 1.436876122402753e-18 1.1040406319264144e-19
11055.193872842994 1.466811288093556e-18 1.106365799027378e-19
11067.209011334024 1.4738154474211356e-18 1.1043011603724496e-19
11079.224149825051 1.463314165511086e-18 1.1035967347574527e-19
11091.23928831608 1.389095892574872e-18 1.0936274920405387e-19
11103.254426807109 1.475577404056098e-18 1.100666643645473e-19
11115.269565298138 1.5550417547988004e-18 1.0952556945988906e-19
11127.284703789166 1.4663959037068662e-18 1.0994545373713078e-19
11139.299842280194 1.7123582464484384e-18 1.0957099012297503e-19
11151.314980771222 1.417165013600322e-18 1.1043325638468469e-19
11163.330119262251 1.4425700419290082e-18 1.1016002332098013e-19
11175.34525775328 1.4386356242433078e-18 1.125108109843566e-19
11187.360396244309 1.3265539557450787e-18 1.0917920149498005e-19
11199.375534735336 1.49329347645701e-18 1.109179071457486e-19
11211.390673226364 1.5660601195699088e-18 1.0912846228836799e-19
11223.405811717394 1.525228372873131e-18 1.116998500800684e-19
11235.420950208423 1.3306707438422275e-18 1.0842763861726661e-19
11247.436088699451 1.3724814603848369e-18 1.0975979809565844e-19
11259.451227190479 1.5104196951694767e-18 1.0985107732293756e-19
11271.466365681506 1.2886732126424862e-18 1.092479074421241e-19
11283.481504172536 1.0867671857730621e-18 1.0919354763898575e-19
11295.496642663566 1.345701573505694e-18 1.087660716068027e-19
11307.511781154593 1.4120377421392676e-18 1.0847981976343938e-19
11319.526919645621 1.2227697474526482e-18 1.084341594938107e-19
11331.542058136649 1.357035778567655e-18 1.0777461598432304e-19
11343.557196627678 1.340359748413154e-18 1.0832946019956215e-19
11355.572335118708 1.4117445062646095e-18 1.085359029605883e-19
11367.587473609736 1.418706141205897e-18 1.1140982968896247e-19
11379.602612100764 1.080028363432949e-18 1.1333834577550646e-19
11391.617750591793 1.100822363932087e-18 1.2029320063011934e-19
11403.63288908282 1.2779316201070422e-18 1.270254671764629e-19
11415.64802757385 1.157544607622043e-18 1.3862831899611692e-19
11427.663166064878 1.4581687065012853e-18 1.500197428911288e-19
11439.678304555906 1.1616304374411965e-18 1.6753452756580682e-19
11451.693443046935 1.3723921002417404e-18 1.895206017497011e-19
11463.708581537963 1.3559842970705128e-18 2.1426458231334965e-19
11475.723720028993 1.2126591187104802e-18 2.4221677162958467e-19
11487.73885852002 1.2191367150147129e-18 2.792568703673547e-19
11499.753997011048 1.3896307671943061e-18 3.162173899057847e-19
11511.769135502078 1.345995063496041e-18 3.527572660472066e-19
11523.784273993106 1.8241860080062516e-18 3.9705411947581195e-19
11535.799412484135 1.4110739234920772e-18 4.377236313647569e-19
11547.814550975163 9.493671384119464e-19 4.844426254128567e-19
11559.82968946619 8.366504642330342e-19 5.494720532894428e-19
11571.84482795722 1.454550266046943e-18 6.23337707538832e-19
11583.85996644825 1.4992988950840146e-18 7.528805878345156e-19
