wv flam err
7909.435356728825 5.664611833894642e-19 1.1051267969356165e-18
7921.494281905083 6.9905244932952145e-19 8.680711836490766e-19
7933.553207081341 1.1014295565697618e-19 7.718602796484328e-19
7945.612132257598 4.342416870517544e-19 7.534162021800888e-19
7957.671057433856 7.368404755103996e-19 7.041459852078717e-19
7969.729982610113 1.0518717544517563e-18 6.755674175481211e-19
7981.788907786371 1.3556511678364676e-18 6.7103257923196275e-19
7993.84783296263 7.269123635782999e-19 6.321368272379941e-19
8005.906758138887 4.665554842264366e-19 6.172148682556892e-19
8017.965683315145 1.0099226855239813e-18 6.02467082441435e-19
8030.024608491402 9.569849134645766e-19 5.849846793297597e-19
8042.08353366766 5.666607410357669e-19 5.596414016754501e-19
8054.142458843918 6.687212078190107e-19 5.580393613129418e-19
8066.201384020176 1.0200649944759236e-19 5.33625466743898e-19
8078.260309196434 1.713710814335188e-19 5.373199826871458e-19
8090.319234372691 5.037575697013226e-19 5.162361368990638e-19
8102.378159548949 8.354068855185258e-19 5.131234960827335e-19
8114.437084725207 3.3279517234996985e-19 5.003605704520956e-19
8126.496009901464 3.251751499142159e-19 5.0754238031148725e-19
8138.554935077722 6.032070009193513e-19 4.752180211239654e-19
8150.61386025398 5.281637205871369e-19 4.789488637047171e-19
8162.672785430238 9.578448560738592e-19 4.594397215836036e-19
8174.731710606496 4.717528996059376e-19 4.641498474038712e-19
8186.790635782753 7.871230577056769e-19 4.497908804518726e-19
8198.849560959012 6.777025204795386e-19 4.550472258917542e-19
8210.90848613527 7.163011069061852e-19 4.370472736928636e-19
8222.967411311527 2.138288882154457e-19 4.37771700194913e-19
8235.026336487785 7.107172360566803e-19 4.1500429334827946e-19
8247.085261664042 5.570637296539751e-19 4.1762704967296123e-19
8259.1441868403 6.550654274412596e-19 3.9283363507719626e-19
8271.203112016557 5.786213643121665e-19 4.088184727483198e-19
8283.262037192815 1.380679712298e-19 3.795416103648014e-19
8295.320962369073 5.82655362807582e-19 3.8546885718824892e-19
8307.37988754533 5.139925437699664e-19 3.646985824125027e-19
8319.43881272159 4.1073217779680627e-19 3.6096657722852546e-19
8331.497737897847 1.871767114369088e-19 3.4607780933041387e-19
8343.556663074105 2.494054576097097e-19 3.436768803547933e-19
8355.615588250363 3.8034309737959266e-19 3.330534004064448e-19
8367.67451342662 3.761477376247132e-19 3.3499619170956573e-19
8379.733438602878 3.8531077568345836e-19 3.2271459860524346e-19
8391.792363779135 6.038436143060254e-19 3.290097659901597e-19
8403.851288955393 1.7851029534821093e-19 3.1723450696848446e-19
8415.91021413165 4.361890924730584e-19 3.152424662059108e-19
8427.969139307908 3.724852896417857e-19 3.0628742923350527e-19
8440.028064484166 6.481430918492289e-19 3.0962886364745407e-19
8452.086989660424 4.590365862266003e-19 3.0611492330882833e-19
8464.145914836681 4.896621530293406e-19 3.159171187747324e-19
8476.204840012939 1.0158761093318285e-18 3.024863145343474e-19
8488.263765189196 5.588650658065171e-19 3.064092110990862e-19
8500.322690365454 4.96886920099855e-19 3.0452180012008697e-19
8512.381615541713 8.579543692538451e-19 2.976926887699871e-19
8524.440540717971 8.25259244220334e-19 2.886858042050329e-19
8536.499465894229 4.3155216654530204e-19 2.8595775705907928e-19
8548.558391070486 5.404715959468578e-19 2.783386190075173e-19
8560.617316246744 7.176419300278222e-19 2.7908842348916374e-19
8572.676241423002 2.769991007708677e-19 2.6983066218491164e-19
8584.73516659926 2.944097211706443e-19 2.7025485936762545e-19
8596.794091775517 3.737402065935391e-19 2.7030748095211756e-19
8608.853016951776 3.3433205791559823e-19 2.6591884429942613e-19
8620.911942128034 1.6837054712953965e-19 2.6192149829161186e-19
8632.970867304291 4.818682502910078e-19 2.6560790046176045e-19
8645.029792480549 6.456235267498702e-19 2.634917873627302e-19
8657.088717656807 2.7423861090504513e-19 2.6164743916040595e-19
8669.147642833064 8.238946873831773e-19 2.5513150922760807e-19
8681.206568009322 3.438784735235075e-19 2.5878757831700606e-19
8693.26549318558 3.303721695124166e-19 2.4871862027935257e-19
8705.324418361837 3.3636981636878886e-19 2.4840750925769907e-19
8717.383343538095 4.544913376718745e-19 2.421204560551803e-19
8729.442268714352 5.45122033259875e-19 2.3974974056279396e-19
8741.50119389061 6.342765866917504e-19 2.3434077859416707e-19
8753.560119066868 5.660826019865151e-19 2.370480535809923e-19
8765.619044243125 4.592527289535594e-19 2.3539709502230027e-19
8777.677969419383 5.811674973977386e-19 2.3463066003957805e-19
8789.73689459564 4.494547244425152e-19 2.228908446002069e-19
8801.795819771898 4.756458473137326e-19 2.272736879651191e-19
8813.854744948158 4.863246276611026e-19 2.202976979418991e-19
8825.913670124415 2.0874507169083097e-19 2.242483467577867e-19
8837.972595300673 3.922613952065955e-19 2.1618556248308872e-19
8850.03152047693 3.4027199708578977e-19 2.2130685838449397e-19
8862.090445653188 7.49279251264682e-19 2.1601479838743815e-19
8874.149370829446 5.535525202922454e-19 2.1027871847786513e-19
8886.208296005703 4.1263474278139796e-19 2.0642039411517648e-19
8898.26722118196 4.826167900114145e-19 2.0799757353812946e-19
8910.326146358218 4.697144972367883e-19 2.0302129851587797e-19
8922.385071534476 3.8028161936897477e-19 2.0356679795208335e-19
8934.443996710734 4.586910965271655e-19 2.011780248530836e-19
8946.502921886993 3.6793204251636604e-19 2.031526299701379e-19
8958.56184706325 3.987752193266358e-19 2.081523111720487e-19
8970.620772239508 5.411589268432415e-19 2.0289354276620068e-19
8982.679697415766 5.844495014673833e-19 1.9509056357264238e-19
8994.738622592024 6.414988305576912e-19 1.9484321641776846e-19
9006.797547768281 2.894998948130651e-19 1.93382787707722e-19
9018.856472944539 5.476467595781911e-19 1.909585603821497e-19
9030.915398120796 5.854760215760434e-19 1.8825934625593454e-19
9042.974323297054 4.561673375672168e-19 1.9203116723359893e-19
9055.033248473312 5.246467911803035e-19 1.8885552723749057e-19
9067.09217364957 5.432321666621178e-19 1.8830235780324936e-19
9079.151098825827 6.098153263282624e-19 1.8629849188199281e-19
9091.210024002085 3.642604006441222e-19 1.8881204699298001e-19
9103.268949178342 4.585801108395285e-19 1.8372013104122405e-19
9115.327874354602 5.636965029334482e-19 1.8194434840551498e-19
9127.38679953086 3.0508936823357193e-19 1.772533076400849e-19
9139.445724707117 4.893754869060842e-19 1.826014646906446e-19
9151.504649883374 4.431846164561405e-19 1.7494515306388901e-19
9163.563575059632 4.661447702620975e-19 1.74336987554663e-19
9175.62250023589 5.027596872765368e-19 1.7166473576413203e-19
9187.681425412147 6.278599866690226e-19 1.7191234793705867e-19
9199.740350588405 4.0452738372358767e-19 1.7009958247732495e-19
9211.799275764663 3.118238411465955e-19 1.739579491039043e-19
9223.85820094092 4.811554694588343e-19 1.6960299271614104e-19
9235.91712611718 2.130913988561697e-19 1.6725602032102305e-19
9247.976051293437 4.2873989731282296e-19 1.65204071399104e-19
9260.034976469695 5.461400467002077e-19 1.5116115823073327e-19
9272.093901645952 6.067781236433872e-19 1.4953215085389992e-19
9284.15282682221 7.950108871410556e-19 1.4943714812657393e-19
9296.211751998468 5.036017219755365e-19 1.46339766931946e-19
9308.270677174725 5.243476663590564e-19 1.4657271850671623e-19
9320.329602350983 5.573031942226551e-19 1.4341056882375945e-19
9332.38852752724 3.3429804358579038e-19 1.4379156696851939e-19
9344.447452703498 5.621362643187253e-19 1.416474938681602e-19
9356.506377879756 9.12125204220832e-19 1.4267115708012568e-19
9368.565303056013 4.909107591141201e-19 1.4027956541843695e-19
9380.624228232271 5.91577146138536e-19 1.415223894405685e-19
9392.683153408529 8.378494666263969e-19 1.402666207104062e-19
9404.742078584786 5.040170151299726e-19 1.3980676159760153e-19
9416.801003761044 6.228153349294623e-19 1.381730134803134e-19
9428.859928937301 5.382406419591345e-19 1.3728689423423738e-19
9440.91885411356 3.78182701902546e-19 1.356132598736278e-19
9452.977779289818 3.777844962721951e-19 1.3652755336925562e-19
9465.036704466076 5.210798773225412e-19 1.3669580016452876e-19
9477.095629642334 4.366741693712628e-19 1.427654989746437e-19
9489.154554818591 3.527279116371717e-19 1.331166671589954e-19
9501.213479994849 5.796363640945548e-19 1.346241828940791e-19
9513.272405171107 7.460060193371153e-19 1.350732302970819e-19
9525.331330347364 7.125577637526727e-19 1.3482221334887197e-19
9537.390255523622 6.88841008250387e-19 1.3137101399519695e-19
9549.449180699881 4.640722774743015e-19 1.315197425231604e-19
9561.508105876139 6.424040553296882e-19 1.295967708537391e-19
9573.567031052396 8.476508057364587e-19 1.299346086105535e-19
9585.625956228654 6.409361259375564e-19 1.2705941101913693e-19
9597.684881404912 4.077176904630824e-19 1.268624610804397e-19
9609.74380658117 5.780501685841719e-19 1.2673813635198804e-19
9621.802731757427 4.653751795292502e-19 1.2539063181603219e-19
9633.861656933685 5.466272671490239e-19 1.2411746257410997e-19
9645.920582109942 4.308493619976762e-19 1.2325971304749448e-19
9657.9795072862 4.504189808957062e-19 1.2273023716633075e-19
9670.038432462457 6.342017531216126e-19 1.2401757197998305e-19
9682.097357638715 7.605900067157921e-19 1.2217559468782368e-19
9694.156282814973 6.749411601296036e-19 1.2240317414920612e-19
9706.21520799123 6.306292261006431e-19 1.2215665540008903e-19
9718.27413316749 5.271020464334949e-19 1.2239744580062844e-19
9730.333058343747 4.640543814547369e-19 1.2107583783637425e-19
9742.391983520005 6.32168762652475e-19 1.2147130515043551e-19
9754.450908696263 5.897875577447673e-19 1.222355845898643e-19
9766.50983387252 6.508898932761855e-19 1.2074490366037485e-19
9778.568759048778 6.132415950135287e-19 1.1946200827222402e-19
9790.627684225035 6.054441915050115e-19 1.1977241706911987e-19
9802.686609401293 6.463421775947473e-19 1.2068947986981257e-19
9814.74553457755 7.158544273558305e-19 1.238726401395826e-19
9826.804459753808 6.597146544614165e-19 1.1826311659065914e-19
9838.863384930066 8.578053761194544e-19 1.1875286034702165e-19
9850.922310106323 4.048754415488478e-19 1.1891652569160165e-19
9862.981235282581 7.107570876127828e-19 1.1739689643498994e-19
9875.04016045884 2.77775250447553e-19 1.1670950526864573e-19
9887.099085635098 6.568346480255703e-19 1.1669759701706661e-19
9899.158010811356 6.311562406889807e-19 1.1638816850853653e-19
9911.216935987613 5.253638669637097e-19 1.161857916571274e-19
9923.275861163871 5.246573866899817e-19 1.1563790595048308e-19
9935.334786340129 6.467964359010984e-19 1.1690619557024237e-19
9947.393711516386 6.240033167429949e-19 1.1505999947209677e-19
9959.452636692644 4.1112150524477834e-19 1.1445987328002293e-19
9971.511561868901 6.649353916931594e-19 1.1378252328407786e-19
9983.57048704516 5.426296429046811e-19 1.1335891476763464e-19
9995.629412221417 4.949444939621934e-19 1.1173191257571226e-19
10007.688337397674 7.02969338062275e-19 1.1343428808907606e-19
10019.747262573932 8.55510731049368e-19 1.106553886984633e-19
10031.80618775019 5.040449662736317e-19 1.106281968218226e-19
10043.865112926449 6.04640071740254e-19 1.0958504099313165e-19
10055.924038102707 8.887951127005325e-19 1.1219073444941463e-19
10067.982963278964 6.829692345815194e-19 1.1016846332748286e-19
10080.041888455222 6.406070606128921e-19 1.112644223104633e-19
10092.10081363148 7.60715345194164e-19 1.1152003952968667e-19
10104.159738807737 5.899889676807209e-19 1.101513982895642e-19
10116.218663983995 6.834695386385578e-19 1.1073939874279676e-19
10128.277589160254 7.536780982594328e-19 1.1012992676100018e-19
10140.336514336512 5.9590481837113995e-19 1.0872058735356303e-19
10152.39543951277 5.357141428900629e-19 1.0865406552906767e-19
10164.454364689027 7.390426460648028e-19 1.1188204350703984e-19
10176.513289865285 7.952965738854511e-19 1.0799564645943627e-19
10188.572215041542 5.151833549048845e-19 1.0897510074352722e-19
10200.6311402178 7.494815092530919e-19 1.076760026441185e-19
10212.690065394057 6.65712013235725e-19 1.0686441008794056e-19
10224.748990570315 9.237145879958276e-19 1.0579332081196046e-19
10236.807915746573 6.563760649612767e-19 1.0534652987491522e-19
10248.86684092283 5.813639381920304e-19 1.0502984012690985e-19
10260.925766099088 6.4416822605143285e-19 1.0444156588487235e-19
10272.984691275346 5.508414130610056e-19 1.0394443992689226e-19
10285.043616451603 7.110497255606098e-19 1.05538756364985e-19
10297.10254162786 6.583111899910901e-19 1.0593182800587315e-19
10309.161466804118 6.466677274665076e-19 1.0267003217534748e-19
10321.220391980376 7.0705526273409555e-19 1.0278402342553113e-19
10333.279317156634 6.123860676881792e-19 1.0942188258857428e-19
10345.338242332891 6.213580843652579e-19 1.0352812350818164e-19
10357.39716750915 5.215216146486728e-19 1.0675716646107245e-19
10369.456092685408 5.075935260384841e-19 1.0147258791700604e-19
10381.515017861666 6.369075854160432e-19 1.0389226840915947e-19
10393.573943037924 5.334420138359121e-19 1.0058585823674023e-19
10405.632868214181 7.629909501258854e-19 1.0100861993895922e-19
10417.691793390439 5.969213300274088e-19 1.0169384522218669e-19
10429.750718566696 5.157111145310366e-19 1.0337700236503228e-19
10441.809643742954 8.039169031806154e-19 1.0384985050239482e-19
10453.868568919212 5.298639567607543e-19 1.0223545153109384e-19
10465.927494095471 6.42429757538416e-19 1.0105900170563734e-19
10477.986419271729 6.714871472510622e-19 1.0135318205981534e-19
10490.045344447986 6.895917582721854e-19 1.022215792744256e-19
10502.104269624244 6.043539284181063e-19 1.0155935271404892e-19
10514.163194800502 7.576484923482138e-19 1.0053868993984667e-19
10526.22211997676 6.407584869270162e-19 1.0132425427502837e-19
10538.281045153017 6.177774393511589e-19 1.0322865678316712e-19
10550.339970329274 5.788274314617864e-19 1.0338195793858909e-19
10562.398895505532 5.510139188064064e-19 1.052782934506884e-19
10574.45782068179 5.99908901112584e-19 1.0066538974227827e-19
10586.516745858047 6.465586295971004e-19 1.0133836492517188e-19
10598.575671034305 8.313374215187067e-19 1.0104890182805989e-19
10610.634596210562 5.869449849993363e-19 9.881191555974778e-20
10622.69352138682 7.088564148609097e-19 1.0089575764682003e-19
10634.752446563078 6.199642084488115e-19 1.0212930251996231e-19
10646.811371739335 6.165772602259929e-19 9.868741303657966e-20
10658.870296915593 6.583430146804429e-19 9.664356130077606e-20
10670.929222091852 6.491091061388475e-19 9.644189616285183e-20
10682.98814726811 8.271554882516916e-19 9.793843472234114e-20
10695.047072444368 6.008070628632108e-19 9.716107044864893e-20
10707.105997620625 5.750703307668986e-19 9.591753434288534e-20
10719.164922796883 6.595777609323197e-19 9.638112395771927e-20
10731.223847973142 5.865582622780351e-19 9.702593397804132e-20
10743.2827731494 7.242554520686247e-19 9.658785407112893e-20
10755.341698325657 6.390388796858803e-19 9.655508686126506e-20
10767.400623501915 7.428942693954522e-19 9.639406000667624e-20
10779.459548678173 8.589638558612776e-19 9.8072215042652e-20
10791.51847385443 6.061768561897131e-19 9.640753331662828e-20
10803.577399030688 6.153288360519577e-19 9.652238085577665e-20
10815.636324206946 7.026183402036782e-19 9.608156409987727e-20
10827.695249383203 6.571003083091613e-19 9.676977885270911e-20
10839.75417455946 6.494638505944239e-19 9.92236002319648e-20
10851.813099735718 7.894072578485233e-19 9.914318339390521e-20
10863.872024911976 7.922270420944144e-19 9.601292972719359e-20
10875.930950088234 5.530883992959836e-19 9.439158317149474e-20
10887.989875264491 7.001852914654662e-19 9.59396558778098e-20
10900.048800440749 7.495668776115873e-19 9.382563846152731e-20
10912.107725617007 5.187750448874637e-19 9.4635270470035e-20
10924.166650793264 5.902055897081374e-19 9.414014488257957e-20
10936.225575969522 5.642237469640328e-19 9.250401472185438e-20
10948.28450114578 5.684762277145633e-19 9.441506405213566e-20
10960.343426322037 6.969772457548953e-19 9.472971284220124e-20
10972.402351498296 6.947378125831125e-19 9.709517819618953e-20
10984.461276674554 6.7869361193651775e-19 9.284085230520624e-20
10996.520201850812 6.496776253335872e-19 9.341534087430116e-20
11008.57912702707 6.05950983452001e-19 9.309759901949967e-20
11020.638052203327 6.940442985289909e-19 9.327990096708952e-20
11032.696977379584 7.204605301622471e-19 9.287979237345151e-20
11044.755902555844 7.59839803474826e-19 9.35511006942272e-20
11056.814827732102 5.928803191070018e-19 9.259949636574644e-20
11068.87375290836 6.147483092278599e-19 9.28937213350688e-20
11080.932678084617 5.791235674638392e-19 9.29833935598703e-20
11092.991603260874 5.530407366285496e-19 9.306710863589319e-20
11105.050528437132 7.611197577385903e-19 9.332998781903384e-20
11117.10945361339 6.467232962322422e-19 9.380500714486228e-20
11129.168378789647 7.019754645953213e-19 9.782046221001725e-20
11141.227303965905 7.376793895105363e-19 9.480476192519422e-20
11153.286229142162 6.462470456358e-19 9.341924823634833e-20
11165.34515431842 6.043822569389398e-19 9.503998788730827e-20
11177.404079494678 6.34315501134487e-19 9.386881443500454e-20
11189.463004670935 6.381653603401678e-19 9.435697682638544e-20
11201.521929847193 5.293251974846992e-19 9.254254883177091e-20
11213.58085502345 5.742015646182101e-19 9.271745385913481e-20
11225.639780199708 7.031440382606237e-19 9.478069529659293e-20
11237.698705375966 5.25510325628741e-19 9.204644328728537e-20
11249.757630552223 4.650633524943922e-19 9.366219158392792e-20
11261.816555728481 4.807873078078327e-19 9.156928166513768e-20
11273.875480904739 7.935441952047588e-19 9.388678604154376e-20
11285.934406080996 5.864474402983688e-19 9.178288346643275e-20
11297.993331257256 8.479880381536225e-19 9.166454522789052e-20
11310.052256433513 6.860751191939747e-19 9.094373434826503e-20
11322.111181609771 6.705919679684847e-19 9.431560825426701e-20
11334.170106786029 6.001826847465594e-19 9.329610267041936e-20
11346.229031962286 5.444122888582566e-19 9.155107600552967e-20
11358.287957138544 6.800426488937716e-19 9.330002638028624e-20
11370.346882314801 5.315231840765528e-19 9.395962354288115e-20
11382.40580749106 6.479956262662282e-19 9.852584254536702e-20
11394.464732667318 4.976512889068317e-19 1.0182333036023114e-19
11406.523657843576 6.537695012322899e-19 1.0971780028645718e-19
11418.582583019834 5.698116137309129e-19 1.1783826467252178e-19
11430.641508196091 6.038673865146419e-19 1.303968055441119e-19
11442.700433372349 5.3469166518107e-19 1.462064332469074e-19
11454.759358548607 3.2485520255488385e-19 1.6415105065430046e-19
11466.818283724864 5.347737037903849e-19 1.8696007421659342e-19
11478.877208901122 6.205963931465694e-19 2.1537593258145507e-19
11490.93613407738 5.414327620141494e-19 2.4402072454715463e-19
11502.995059253637 4.797727454853922e-19 2.767731733821315e-19
11515.053984429895 1.1184664627468473e-18 3.2627730891924027e-19
11527.112909606152 8.433824280596498e-19 3.4560382878519395e-19
11539.17183478241 9.086851588377012e-19 3.8981050154663486e-19
11551.230759958667 7.24222394907207e-19 4.295553284516197e-19
11563.289685134925 4.98331833750264e-19 4.760695685485668e-19
11575.348610311183 1.144025650336813e-18 5.658084568298226e-19
11587.40753548744 8.856240482690545e-19 6.560092202637507e-19
