wv flam err
7908.9880287711985 0.0 1.6437889387436192e-18
7921.0501440323405 4.935812262653869e-19 8.097971731891204e-19
7933.112259293483 1.1201660567076117e-18 7.504891957041128e-19
7945.1743745546255 3.1671361331938445e-19 7.553472038149597e-19
7957.236489815768 6.785686500110689e-19 7.09603496055754e-19
7969.2986050769105 1.0479870599120178e-19 7.017730477682532e-19
7981.3607203380525 1.2746140089092826e-18 6.450062691491037e-19
7993.4228355991945 3.526279398823537e-19 6.520834097298037e-19
8005.484950860337 4.656220742520699e-19 5.975988582153348e-19
8017.54706612148 1.7014547795307948e-19 5.935637787470914e-19
8029.609181382622 7.987049873754684e-19 5.56247457065024e-19
8041.671296643764 3.879155155981707e-19 5.639505343397176e-19
8053.7334119049065 8.758291053074717e-19 5.475123410131704e-19
8065.795527166049 5.333399056032696e-19 5.40327469930684e-19
8077.857642427191 6.625938003057203e-19 5.125800945910576e-19
8089.919757688334 6.700047810616573e-19 5.229258828240204e-19
8101.981872949476 7.036964309747617e-19 4.944060755881891e-19
8114.043988210619 4.509376507079502e-19 5.102994320135917e-19
8126.106103471761 5.812576393728366e-19 4.852776563487994e-19
8138.168218732903 2.517157165235485e-19 4.894265733762318e-19
8150.230333994046 6.494679456141692e-19 4.801322816097584e-19
8162.292449255188 9.388402469036787e-19 4.908353580694491e-19
8174.35456451633 2.4072532489351607e-19 4.805078803892536e-19
8186.416679777473 3.202461149136764e-19 4.934764211767762e-19
8198.478795038616 6.688210589029842e-19 4.558080087507981e-19
8210.540910299758 5.579863625722087e-19 4.596589763673981e-19
8222.6030255609 3.252122446534723e-19 4.2905014764497795e-19
8234.665140822042 7.217643219504243e-19 4.369316161306017e-19
8246.727256083184 3.3067040797227653e-19 4.1017079990996045e-19
8258.789371344328 3.4266176792990666e-19 4.112651566842608e-19
8270.85148660547 2.8424826504734293e-19 3.9383187421821527e-19
8282.913601866612 4.0090338687946187e-19 3.7654676522625175e-19
8294.975717127754 2.177746710957562e-19 3.598753630044172e-19
8307.037832388898 5.026008757620373e-19 3.557256368351809e-19
8319.09994765004 3.8965688966924115e-19 3.497024668719717e-19
8331.162062911182 7.559137593087194e-19 3.388354065151073e-19
8343.224178172324 5.961828953627563e-19 3.2995981041863566e-19
8355.286293433466 4.0782446307765503e-19 3.3944805513832084e-19
8367.348408694608 7.489942650048783e-19 3.2440457568519693e-19
8379.410523955752 5.439068113467667e-19 3.4421659156183173e-19
8391.472639216894 4.436339098888263e-19 3.1440755520506362e-19
8403.534754478036 9.712298510855786e-19 3.2705994062965093e-19
8415.596869739178 5.726916680085568e-19 3.0818316292894513e-19
8427.65898500032 2.960785634378787e-19 3.1260046859811157e-19
8439.721100261464 3.643109246351862e-19 3.037822390119832e-19
8451.783215522606 1.8415629880143553e-19 3.0267699820726385e-19
8463.845330783748 4.390423687662413e-19 2.9067683325936355e-19
8475.90744604489 3.4891670991457856e-19 2.9151928877555154e-19
8487.969561306032 4.38457489569989e-19 2.8574384304399517e-19
8500.031676567174 2.2066620285791605e-19 2.808902602043225e-19
8512.093791828318 4.308949752144386e-19 2.748440783778019e-19
8524.15590708946 3.2887971726494645e-19 2.7430395948118495e-19
8536.218022350602 2.340022293259235e-19 2.70101977604844e-19
8548.280137611746 6.022682111036281e-19 2.72506538509383e-19
8560.342252872888 4.091312230194265e-19 2.6958359249780143e-19
8572.40436813403 3.503671670408968e-19 2.689934621076339e-19
8584.466483395172 6.781607378773336e-19 2.6511153132870115e-19
8596.528598656314 4.583961448100672e-19 2.6635615879862904e-19
8608.590713917456 6.314447255868515e-19 2.635553615196987e-19
8620.652829178598 4.523791851666601e-19 2.653392371287943e-19
8632.714944439742 4.897735814458519e-19 2.6502091666316674e-19
8644.777059700884 6.046112400252028e-19 2.6433383738793946e-19
8656.839174962026 6.2826460850694705e-19 2.656310359046827e-19
8668.901290223168 6.659842567510302e-19 2.5877419837301084e-19
8680.963405484312 5.366136300316529e-19 2.5272397424721035e-19
8693.025520745454 6.146043744263964e-19 2.503413823721171e-19
8705.087636006596 4.858983835084145e-19 2.464210979802859e-19
8717.149751267738 6.3814670993040745e-19 2.4086662030460473e-19
8729.21186652888 3.994829124744392e-19 2.3582137848046533e-19
8741.273981790022 3.243581596986293e-19 2.3169508243889738e-19
8753.336097051166 4.309474916578902e-19 2.288634372408089e-19
8765.398212312308 7.086701866845312e-19 2.3375427612041905e-19
8777.46032757345 6.310414514578914e-19 2.3014872765185715e-19
8789.522442834592 3.066441335502087e-19 2.283935664771867e-19
8801.584558095736 6.616251529749672e-19 2.249932355188067e-19
8813.646673356878 6.464462976566045e-19 2.2436186040886225e-19
8825.70878861802 7.212301858090647e-19 2.2263747326915603e-19
8837.770903879162 6.196203688790557e-19 2.234391539732068e-19
8849.833019140304 6.234078496559686e-19 2.327748680786056e-19
8861.895134401446 5.972666398147518e-19 2.193456577610082e-19
8873.95724966259 6.714794377464994e-19 2.15283006520204e-19
8886.019364923732 4.350546536564621e-19 2.1422602669324873e-19
8898.081480184874 5.513892922140199e-19 2.249300742260978e-19
8910.143595446016 3.848603872657068e-19 2.22873163421353e-19
8922.20571070716 5.311039054755597e-19 2.112580551332808e-19
8934.267825968302 4.540338248317384e-19 2.134739396574566e-19
8946.329941229444 3.616785455249981e-19 2.1289599729370163e-19
8958.392056490586 7.493377803850192e-19 2.0937516503007495e-19
8970.454171751728 2.1263693898124808e-19 2.0366118202400854e-19
8982.51628701287 8.534097922958963e-19 2.041501539924996e-19
8994.578402274012 6.739690837925286e-19 1.9998585665123132e-19
9006.640517535156 7.003894413208725e-19 2.0518631230417772e-19
9018.702632796298 9.322063088974113e-19 2.0577524404164705e-19
9030.76474805744 8.320579921170033e-19 2.048237015067282e-19
9042.826863318583 8.254505880860657e-19 2.0085638397598854e-19
9054.888978579726 7.986279496411602e-19 2.0254698745322595e-19
9066.951093840868 7.322330698440711e-19 1.9926446818515463e-19
9079.01320910201 8.844677548214748e-19 2.0347434189336504e-19
9091.075324363152 6.331008535419356e-19 1.9710961809709686e-19
9103.137439624294 6.030663962382901e-19 1.9735704076255644e-19
9115.199554885437 5.95475752910136e-19 1.9349826319561962e-19
9127.26167014658 7.677171600787175e-19 1.9646975973153104e-19
9139.323785407722 7.201257282903266e-19 1.907946405814057e-19
9151.385900668864 1.075474186907187e-18 1.9176534441394953e-19
9163.448015930006 9.639421372997936e-19 1.8894438417956277e-19
9175.51013119115 6.348682178608085e-19 1.870356703038506e-19
9187.572246452291 8.266307318958934e-19 1.8345262239493792e-19
9199.634361713433 8.446675437983163e-19 1.8825651654468173e-19
9211.696476974575 7.352426785685127e-19 1.827425475359441e-19
9223.758592235718 8.005299791113532e-19 1.8180319354899996e-19
9235.82070749686 4.697112859574254e-19 1.7605529684510553e-19
9247.882822758003 7.781581766554011e-19 1.7923622100613556e-19
9259.944938019145 6.528573729209843e-19 1.7433967239885821e-19
9272.007053280287 8.332299201789365e-19 1.7648336739350414e-19
9284.069168541431 7.591205694559693e-19 1.7175383571485158e-19
9296.131283802573 1.0274705308597614e-18 1.7431254967960115e-19
9308.193399063715 8.259749852500068e-19 1.6273213810547415e-19
9320.255514324857 9.712081739492983e-19 1.665090818905835e-19
9332.317629586 7.597309731899349e-19 1.603983421609471e-19
9344.379744847141 7.875217433858758e-19 1.6343618545109323e-19
9356.441860108283 7.0926397352567e-19 1.5847210985330182e-19
9368.503975369427 8.79027846171807e-19 1.617996179733525e-19
9380.56609063057 9.518723777501404e-19 1.5769254922479067e-19
9392.628205891711 8.209754546873326e-19 1.6068530480244547e-19
9404.690321152853 9.029529025617872e-19 1.5919096865230864e-19
9416.752436413997 9.620469823032525e-19 1.5897672900490125e-19
9428.81455167514 9.420001519436686e-19 1.5519559557988128e-19
9440.876666936281 7.793915225558193e-19 1.5738396379052324e-19
9452.938782197423 9.695670939141767e-19 1.5359064754914223e-19
9465.000897458565 8.789162248302012e-19 1.5588406099093054e-19
9477.063012719707 8.205493377437077e-19 1.497050814236329e-19
9489.125127980851 9.216042972713261e-19 1.5414073929322145e-19
9501.187243241993 8.545642376367055e-19 1.4449541541286103e-19
9513.249358503135 9.276783991865827e-19 1.5069330082354655e-19
9525.311473764277 7.645491968820606e-19 1.4276013578795641e-19
9537.373589025421 8.8217573157268e-19 1.484832262768146e-19
9549.435704286563 6.825384726770905e-19 1.397440050018551e-19
9561.497819547705 9.726237143974735e-19 1.4293500516134567e-19
9573.559934808847 8.356061167455301e-19 1.3842171178652373e-19
9585.62205006999 6.102556005298154e-19 1.4148428730418386e-19
9597.684165331133 6.432701278866118e-19 1.4095720915553998e-19
9609.746280592275 7.3464555134556855e-19 1.3928854686550467e-19
9621.808395853417 9.047680369933404e-19 1.3525831632843162e-19
9633.87051111456 9.648932652083417e-19 1.3957249122603843e-19
9645.932626375703 9.401694697097397e-19 1.3509433325632815e-19
9657.994741636845 7.634505108159302e-19 1.364618899988575e-19
9670.056856897987 7.05848559155511e-19 1.3413339513404048e-19
9682.118972159129 8.99231626651613e-19 1.354846375995524e-19
9694.181087420271 9.11542143821156e-19 1.3164242438484998e-19
9706.243202681413 9.703875262568025e-19 1.3722079534128192e-19
9718.305317942555 8.516299822726302e-19 1.3116154805582756e-19
9730.367433203697 9.421498666127395e-19 1.3309793506889736e-19
9742.429548464841 9.313533374356787e-19 1.293859946215286e-19
9754.491663725983 1.1417418348325555e-18 1.3267873499670355e-19
9766.553778987125 1.0622973234181793e-18 1.300121569654497e-19
9778.615894248269 1.0084438194749747e-18 1.303852254365249e-19
9790.678009509411 7.764312103777658e-19 1.2703712324036822e-19
9802.740124770553 8.509188472784368e-19 1.2967879360549963e-19
9814.802240031695 8.262911362815478e-19 1.2945049895683382e-19
9826.864355292837 7.381109974421845e-19 1.2893715883974032e-19
9838.926470553979 9.751607849502693e-19 1.3027441790694992e-19
9850.988585815123 1.026696855476985e-18 1.2814580460735178e-19
9863.050701076265 7.793661609107947e-19 1.2534395889461735e-19
9875.112816337407 9.179580607140077e-19 1.3071529161806954e-19
9887.174931598549 8.797531702659199e-19 1.279184236105692e-19
9899.237046859691 1.0131960153619204e-18 1.277766118634382e-19
9911.299162120835 8.137477222106841e-19 1.2903376820983144e-19
9923.361277381977 9.749914720725195e-19 1.2602863565184119e-19
9935.423392643119 8.583453659955693e-19 1.2504401433609774e-19
9947.48550790426 7.5640098128176705e-19 1.2524069508159166e-19
9959.547623165403 6.522845813979604e-19 1.229006499517728e-19
9971.609738426547 8.268140620744167e-19 1.2614955940567588e-19
9983.671853687689 1.2762422487805308e-18 1.2218287941320666e-19
9995.73396894883 8.638758300371557e-19 1.2157133047314928e-19
10007.796084209973 6.936916141895939e-19 1.2054217738840857e-19
10019.858199471117 8.2915723694453475e-19 1.196595100330178e-19
10031.920314732259 8.951517182460614e-19 1.1885508317165386e-19
10043.9824299934 1.1161423658055339e-18 1.1913910630953335e-19
10056.044545254543 9.835889307900027e-19 1.1785296135404198e-19
10068.106660515685 8.71270802900144e-19 1.1909081942733003e-19
10080.168775776827 8.39347274766449e-19 1.2308023285462842e-19
10092.230891037969 8.669930954523843e-19 1.188527563232323e-19
10104.293006299113 7.8340986747160225e-19 1.1888224342187081e-19
10116.355121560255 8.556091751934206e-19 1.205336359694823e-19
10128.417236821397 8.015999304932467e-19 1.1878629990998295e-19
10140.47935208254 8.84327296591669e-19 1.1808374012549064e-19
10152.541467343683 8.110323947153762e-19 1.1783928193084298e-19
10164.603582604825 6.815362507329294e-19 1.1566917207791927e-19
10176.665697865967 1.076990253726658e-18 1.1610914978044115e-19
10188.727813127109 8.496756314216197e-19 1.1531289713592594e-19
10200.78992838825 9.467276456421777e-19 1.1537484511616017e-19
10212.852043649393 9.218821694173026e-19 1.1527638379624069e-19
10224.914158910537 7.192630105023026e-19 1.1511906507602173e-19
10236.976274171679 9.68040507085443e-19 1.1296019719662204e-19
10249.03838943282 7.421001403127257e-19 1.1362191222767987e-19
10261.100504693963 8.313514250841678e-19 1.1209235240549586e-19
10273.162619955106 9.324285923314854e-19 1.1178831716762163e-19
10285.224735216249 1.320809436785882e-18 1.1212361235111323e-19
10297.28685047739 9.68161987546107e-19 1.1079174622678508e-19
10309.348965738533 8.920327717862737e-19 1.088496043613441e-19
10321.411080999675 1.0673119989334397e-18 1.0933420146411413e-19
10333.473196260818 1.0394845994544234e-18 1.0933546713505664e-19
10345.53531152196 8.647677856391463e-19 1.0938039309460722e-19
10357.597426783102 8.696317110658115e-19 1.083865030267268e-19
10369.659542044245 9.467772616001487e-19 1.1008607198995457e-19
10381.721657305388 8.778086268884932e-19 1.0885654023114856e-19
10393.78377256653 1.0351462541672717e-18 1.104521971261571e-19
10405.845887827672 9.008642570171705e-19 1.131499916991988e-19
10417.908003088814 8.887579496200374e-19 1.1240084083465337e-19
10429.970118349956 9.707002920877795e-19 1.1042194827379242e-19
10442.032233611098 7.943073672865221e-19 1.0873920518633712e-19
10454.09434887224 8.889000736097937e-19 1.0828877589617886e-19
10466.156464133383 8.532506607539897e-19 1.0886401331578195e-19
10478.218579394526 9.132369185073641e-19 1.0870327823114866e-19
10490.280694655668 1.022281103569909e-18 1.1214842602602765e-19
10502.342809916812 1.0156169666810772e-18 1.0967709815053797e-19
10514.404925177954 9.602727071409854e-19 1.096351290465231e-19
10526.467040439096 9.939417934082325e-19 1.0745609412056752e-19
10538.529155700238 9.918561159150604e-19 1.1166544471767194e-19
10550.59127096138 1.0136177342816985e-18 1.0765097802416057e-19
10562.653386222522 1.09672664916103e-18 1.083518477694642e-19
10574.715501483664 1.0535405386384222e-18 1.0684329311178234e-19
10586.777616744806 8.903252936068794e-19 1.0770048865750394e-19
10598.83973200595 1.1256476575745767e-18 1.076537608425444e-19
10610.901847267092 8.850207256391386e-19 1.0821002606392746e-19
10622.963962528234 8.20398056227902e-19 1.0542301116219898e-19
10635.026077789378 8.78968832203564e-19 1.0702425400958274e-19
10647.08819305052 9.408629358840959e-19 1.0542710977620775e-19
10659.150308311662 9.404045495850108e-19 1.0541965647784112e-19
10671.212423572804 7.996648957742121e-19 1.0358544576012203e-19
10683.274538833946 9.106348874878173e-19 1.0427789787770937e-19
10695.336654095088 8.479003108589645e-19 1.0281545873052216e-19
10707.398769356232 7.740316493647619e-19 1.035676043258257e-19
10719.460884617374 9.372750814951739e-19 1.0376609298449914e-19
10731.522999878516 8.969870013142123e-19 1.0418913867367103e-19
10743.58511513966 8.76974266070496e-19 1.0409759223059152e-19
10755.647230400802 9.50418719455055e-19 1.0432082819895139e-19
10767.709345661944 8.284289983034254e-19 1.0392183514457041e-19
10779.771460923086 8.260017352374657e-19 1.037634026544622e-19
10791.833576184228 8.367971396717342e-19 1.042471953862082e-19
10803.89569144537 8.463245937108842e-19 1.0351765444749806e-19
10815.957806706512 7.6810170978266965e-19 1.0268324083304794e-19
10828.019921967654 9.24255879906759e-19 1.0248858776705796e-19
10840.082037228796 8.273568716320083e-19 1.0238834565919549e-19
10852.14415248994 1.0610900378900262e-18 1.0308867148900338e-19
10864.206267751084 9.437084544225573e-19 1.0340619385908294e-19
10876.268383012226 1.1434024422298712e-18 1.0166089733042486e-19
10888.330498273368 8.797257127668784e-19 1.0104584892635953e-19
10900.39261353451 8.224373329641272e-19 1.0289742799779053e-19
10912.454728795652 6.681863203936373e-19 1.0000710663365335e-19
10924.516844056794 8.697063383891923e-19 1.0244880753929316e-19
10936.578959317936 1.0120803860498027e-18 1.0308978550012643e-19
10948.641074579078 8.817226618667702e-19 9.998620117691021e-20
10960.703189840222 9.034697157590167e-19 1.007688606770276e-19
10972.765305101364 8.223808735246188e-19 9.969831842091529e-20
10984.827420362506 9.638142996188847e-19 1.0095347490114614e-19
10996.88953562365 1.0369911910615838e-18 9.913472082999559e-20
11008.951650884792 1.0616137951495803e-18 1.0004736844606734e-19
11021.013766145934 1.002110824792479e-18 9.859126720118177e-20
11033.075881407076 9.538120549922132e-19 9.992943036835781e-20
11045.137996668218 1.0366376251962065e-18 9.842938559119271e-20
11057.20011192936 1.117388732010263e-18 9.982493614341511e-20
11069.262227190502 1.1504598241667087e-18 9.885557234270731e-20
11081.324342451646 1.0102217581585021e-18 1.0027169702077946e-19
11093.386457712788 8.437863983155007e-19 9.844245870241516e-20
11105.44857297393 9.078883786125133e-19 1.0026773989820307e-19
11117.510688235074 1.0054698652123636e-18 9.798466424144042e-20
11129.572803496216 8.259382543753953e-19 9.923853981722226e-20
11141.634918757358 9.761243392041576e-19 9.73428782900869e-20
11153.6970340185 8.721304745480836e-19 9.950081020058388e-20
11165.759149279642 1.0362576514776359e-18 9.76319131987358e-20
11177.821264540784 9.066498606975142e-19 9.960595988246727e-20
11189.883379801926 9.937368129384397e-19 9.760079385930427e-20
11201.945495063068 9.787834911431097e-19 9.963226625641383e-20
11214.007610324212 8.373209763564841e-19 9.741438695395325e-20
11226.069725585354 8.846809963306574e-19 1.0041139701196126e-19
11238.131840846498 1.0421371063358674e-18 9.799245968788773e-20
11250.19395610764 9.226661900034785e-19 9.910457121842313e-20
11262.256071368782 1.0346817506173428e-18 9.746364554171499e-20
11274.318186629924 9.89393374559767e-19 9.951482822046418e-20
11286.380301891066 1.1394572777438583e-18 9.609323344898724e-20
11298.442417152208 9.112516830459268e-19 9.802091916593298e-20
11310.50453241335 9.534747251788731e-19 9.525810135266327e-20
11322.566647674492 1.0749234035064858e-18 9.794135896695859e-20
11334.628762935636 1.0440719286747463e-18 9.418884591817509e-20
11346.690878196778 9.225714330398405e-19 9.7719024894106e-20
11358.75299345792 9.298305538316692e-19 9.577683609570109e-20
11370.815108719064 9.62460299880491e-19 1.0265476261208412e-19
11382.877223980206 8.293270137647105e-19 1.0208795391283732e-19
11394.939339241348 9.463564133643328e-19 1.1512092064094018e-19
11407.00145450249 9.246790626343308e-19 1.15068088657055e-19
11419.063569763632 1.256733316915286e-18 1.2989963928646799e-19
11431.125685024774 9.786307137795936e-19 1.3682379358992105e-19
11443.187800285918 1.0550574311659833e-18 1.6840537881843788e-19
11455.24991554706 9.681763039561196e-19 1.735005638890611e-19
11467.312030808202 9.278167709109875e-19 2.041376408653555e-19
11479.374146069345 1.0545849635861492e-18 2.2427972775181396e-19
11491.436261330487 8.853942906766539e-19 2.630005402628386e-19
11503.49837659163 6.574504833933732e-19 2.894251710760574e-19
11515.560491852772 1.0785163684938712e-18 3.320528581402525e-19
11527.622607113914 1.3812993256476598e-18 3.5573362860838437e-19
11539.684722375056 1.3035856865192495e-18 4.0438004518130893e-19
11551.746837636198 1.5168277174565383e-18 4.382184233632858e-19
11563.80895289734 1.8835481582905725e-18 5.130267334273503e-19
11575.871068158482 1.6810728042825886e-18 5.777479351554095e-19
11587.933183419625 1.3233155475688835e-18 7.283101109640955e-19
