rshifts Pz
0.9129999999999999 2.06159655363e-28
0.9139999999999999 1.1691852326e-28
0.9149999999999999 7.27510834553e-29
0.9159999999999999 1.26545887593e-28
0.9169999999999999 1.33359752956e-27
0.9179999999999999 4.34304270701e-27
0.9189999999999999 4.95896232503e-27
0.9199999999999999 2.98756433126e-27
0.9209999999999999 5.7223176527e-27
0.9219999999999999 2.07412012782e-26
0.9229999999999999 3.66409240517e-26
0.9239999999999999 4.80488097695e-26
0.9249999999999999 3.18751164686e-26
0.9259999999999999 4.87463328903e-26
0.9269999999999999 7.88203742185e-26
0.9279999999999999 3.50306697638e-25
0.9289999999999999 4.73914034744e-25
0.9299999999999999 3.9400539406e-25
0.9309999999999999 4.27529900361e-25
0.9319999999999999 4.13765226114e-25
0.9329999999999999 6.9869582252e-25
0.9339999999999999 6.41025068683e-25
0.9349999999999999 4.64283113231e-25
0.9359999999999999 6.33853494014e-25
0.9369999999999999 8.90815409031e-25
0.938 1.39121160534e-24
0.939 2.97417741252e-24
0.94 1.84723791985e-24
0.941 1.79582237964e-24
0.942 3.27077778712e-24
0.943 3.01529178749e-24
0.944 4.31485939566e-24
0.945 4.43148636053e-24
0.946 3.91879978939e-24
0.947 3.20399364407e-24
0.948 8.89648683717e-25
0.949 2.4110781979e-24
0.95 7.53999004818e-24
0.951 1.16810418099e-23
0.952 1.68291717189e-23
0.953 3.21495075437e-23
0.954 1.50115904048e-22
0.955 2.75341469734e-22
0.956 1.20675194167e-21
0.957 2.98705626637e-21
0.958 8.37650119255e-21
0.959 3.36611215023e-20
0.96 9.34392244034e-20
0.961 2.90103475993e-19
0.962 3.86137444953e-19
0.963 7.94831677806e-19
0.964 3.59808264371e-18
0.965 1.24216350961e-17
0.966 2.02628977882e-17
0.967 1.89907532242e-17
0.968 3.49422976318e-17
0.969 2.54750587665e-17
0.97 5.55707818309e-17
0.971 2.11197991073e-16
0.972 3.66299334704e-16
0.973 3.53015166195e-16
0.974 2.69221014425e-16
0.975 4.58880166888e-16
0.976 1.01927379034e-15
0.977 3.91969333406e-15
0.978 7.17165662239e-15
0.979 9.07814877157e-15
0.98 1.42735240998e-14
0.981 5.48203609747e-14
0.982 7.69101761284e-13
0.983 1.38426540974e-12
0.984 1.71212414711e-12
0.985 5.54169676868e-12
0.986 1.77637681314e-10
0.987 1.42174082276e-09
0.988 1.01768288164e-08
0.989 2.61581383697e-08
0.99 8.49122369198e-08
0.991 3.64773498984e-07
0.992 5.68809560863e-07
0.993 3.45605182373e-06
0.994 6.94859775147e-06
0.995 8.85454672716e-06
0.996 1.26877092868e-05
0.997 1.12513670713e-05
0.998 6.97961663241e-06
0.999 2.31264701426e-05
1.0 0.000108297688627
1.001 0.000217412143755
1.002 0.000200532709908
1.0030000000000001 0.000203635175362
1.004 0.00233179056205
1.005 0.0361622231447
1.006 0.0923010135696
1.0070000000000001 0.428390909199
1.008 0.960989663507
1.009 6.65304717709
1.01 87.4648298592
1.0110000000000001 331.909324158
1.012 184.943781995
1.013 48.1276892259
1.014 41.6617604021
1.0150000000000001 120.952527025
1.016 134.129775836
1.017 38.012110429
1.018 3.89813830935
1.0190000000000001 0.484357076296
1.02 0.173685975537
1.021 0.0433832170607
1.022 0.0155648621604
1.0230000000000001 0.00485868696118
1.024 0.00112264764026
1.025 0.000403128986301
1.026 0.0004175237802
1.0270000000000001 0.000417307074777
1.028 0.000761750711864
1.029 0.000527952257291
1.03 0.000190159334163
1.0310000000000001 4.92860138113e-05
1.032 3.83229368289e-05
1.033 8.03875726893e-05
1.034 9.58389191479e-05
1.0350000000000001 4.33298576639e-05
1.036 1.07491316614e-05
1.037 7.11366503609e-06
1.038 1.18521218873e-05
1.0390000000000001 6.59294533573e-06
1.04 1.56343398184e-06
1.041 3.82112085783e-07
1.042 3.05445371016e-08
1.0430000000000001 5.42880878932e-09
1.044 7.18426545656e-10
1.045 5.08278299418e-10
1.046 2.84770581083e-10
1.0470000000000002 5.282499139e-11
1.048 1.23634144679e-11
1.049 3.12650651062e-12
1.05 1.64011819273e-12
1.0510000000000002 6.77484846646e-13
1.052 1.48209284445e-13
1.053 1.34213931293e-13
1.054 8.13610800374e-14
1.0550000000000002 3.50220697322e-14
1.056 7.16893366404e-15
1.057 2.3137975337e-15
1.058 3.67076045996e-15
1.0590000000000002 1.21123724108e-15
1.06 6.39879960763e-16
1.061 5.65588843818e-16
1.062 7.72963383981e-16
1.0630000000000002 5.03206525296e-16
1.064 1.45769110678e-16
1.065 3.11766431992e-16
1.066 1.48332332311e-15
1.0670000000000002 2.78942574509e-15
1.068 1.626128205e-15
1.069 6.29139701141e-16
1.07 1.270914263e-15
1.0710000000000002 3.52740417435e-15
1.072 7.20114975816e-15
1.073 1.58882750049e-14
1.074 2.01109532265e-14
1.0750000000000002 1.13296844671e-14
1.076 1.81429003973e-14
1.077 1.29865664279e-13
1.078 3.21615510998e-13
1.0790000000000002 1.32998946528e-13
1.08 7.46104000246e-14
1.081 2.47417326751e-14
1.082 1.44767143232e-14
1.0830000000000002 8.26336147334e-15
1.084 5.86162221967e-15
1.085 8.10894073437e-15
1.086 4.65071286227e-15
1.0870000000000002 1.78887163283e-15
1.088 1.21588543503e-15
1.089 1.63317887419e-15
1.09 3.18885892853e-15
1.0910000000000002 2.73431003963e-15
1.092 3.80503996009e-15
1.093 2.13731167819e-15
1.094 9.13507193057e-16
1.0950000000000002 1.16773347057e-15
1.096 1.06487738799e-15
1.097 2.94100849212e-15
1.098 1.60908852551e-15
1.0990000000000002 6.84093728788e-16
1.1 5.22642158472e-16
1.101 3.25171158962e-16
1.102 1.53417373233e-16
1.1030000000000002 9.05748710571e-17
1.104 8.00898045651e-17
1.105 9.20096360958e-17
1.106 5.65941493522e-18
1.1070000000000002 7.64683393584e-19
1.108 3.6001355953e-19
1.109 2.46779360681e-19
1.11 6.01248651382e-20
1.1110000000000002 5.65816413549e-21
1.112 2.05230303856e-21
1.113 3.25640408425e-21
