rshifts Pz
1.24 6.34753942098e-12
1.2409999999999999 1.24977632953e-10
1.2419999999999998 1.94828764733e-09
1.2429999999999997 2.78298573553e-07
1.2439999999999996 1.79982096539e-05
1.2449999999999994 0.000351818863795
1.2459999999999993 0.0121131721291
1.2469999999999992 0.275111168279
1.247999999999999 7.64744516529
1.248999999999999 163.831625985
1.249999999999999 218.095377945
1.2509999999999988 151.030916204
1.2519999999999987 211.999465247
1.2529999999999986 196.571744066
1.2539999999999984 42.5380258677
1.2549999999999983 7.61947658754
1.2559999999999982 0.36239583354
1.2569999999999981 0.0155510578894
1.257999999999998 0.000376977821484
1.258999999999998 4.18145858831e-06
1.2599999999999978 4.32014318156e-07
1.2609999999999977 1.21197869125e-08
1.2619999999999976 7.90306562699e-11
1.2629999999999975 1.98660981753e-13
1.2639999999999973 3.80719401e-16
1.2649999999999972 8.08238645607e-18
1.2659999999999971 3.12551452079e-19
1.266999999999997 1.56536233457e-21
1.267999999999997 2.31162981249e-24
1.2689999999999968 2.82169891616e-27
1.2699999999999967 3.26547001147e-29
