rshifts Pz
0.804 0.0140453354555
0.805 0.0142176039731
0.806 0.0174092736321
0.807 0.0229994318699
0.808 0.0300448947433
0.809 0.0321561154006
0.81 0.0390063794881
0.811 0.0583757788683
0.812 0.0782743763414
0.8130000000000001 0.115712280171
0.8140000000000001 0.130457834309
0.8150000000000001 0.165621676077
0.8160000000000001 0.268179295508
0.8170000000000001 0.399046476335
0.8180000000000001 0.56807820028
0.8190000000000001 0.564086286117
0.8200000000000001 0.775047801144
0.8210000000000001 1.1799012751
0.8220000000000001 1.68904208251
0.8230000000000001 1.85355494828
0.8240000000000001 1.84342137663
0.8250000000000001 2.2588277718
0.8260000000000001 2.95662752353
0.8270000000000001 3.59664759104
0.8280000000000001 4.42840494226
0.8290000000000001 4.11985289924
0.8300000000000001 3.70102012577
0.8310000000000001 4.04587926028
0.8320000000000001 4.90847877459
0.8330000000000001 5.29111276349
0.8340000000000001 4.24648819341
0.8350000000000001 3.43050392869
0.8360000000000001 2.99414100646
0.8370000000000001 2.9522478967
0.8380000000000001 2.29056757049
0.8390000000000001 1.63709536023
0.8400000000000001 1.05315007133
0.8410000000000001 0.877415467564
0.8420000000000001 0.722233937222
0.8430000000000001 0.580686356921
0.8440000000000001 0.446640154669
0.8450000000000001 0.361999470899
0.8460000000000001 0.367088115644
0.8470000000000001 0.322535717124
0.8480000000000001 0.280865116509
0.8490000000000001 0.273579652129
0.8500000000000001 0.320041559287
0.8510000000000001 0.367559053311
0.8520000000000001 0.416595650812
0.8530000000000001 0.41038304767
0.8540000000000001 0.530603317618
0.8550000000000001 0.547233574721
0.8560000000000001 0.681066041791
0.8570000000000001 0.666922466213
0.8580000000000001 0.67220470983
0.8590000000000001 0.714235567609
0.8600000000000001 0.653689832681
0.8610000000000001 0.700900238234
0.8620000000000001 0.741395895315
0.8630000000000001 0.723536885768
0.8640000000000001 0.673472032713
0.8650000000000001 0.588943287738
0.8660000000000001 0.596134342517
0.8670000000000001 0.748998193695
0.8680000000000001 0.949020407589
0.8690000000000001 1.13376361669
0.8700000000000001 1.29033408077
0.8710000000000001 1.46705383623
0.8720000000000001 2.24371252208
0.8730000000000001 3.15614202937
0.8740000000000001 4.23847382053
0.8750000000000001 4.24090506229
0.8760000000000001 4.59888113922
0.8770000000000001 5.8283918868
0.8780000000000001 7.26527864654
0.8790000000000001 8.98587914058
0.8800000000000001 7.63379950696
0.8810000000000001 7.43964507662
0.8820000000000001 8.34421303678
0.8830000000000001 10.1470104482
0.8840000000000001 9.97567929403
0.8850000000000001 8.43888626951
0.8860000000000001 8.90790642288
0.8870000000000001 9.13936538363
0.8880000000000001 10.8534511342
0.8890000000000001 13.2787794971
0.8900000000000001 15.3461373616
0.8910000000000001 13.1712607837
0.8920000000000001 13.194044793
0.8930000000000001 16.4658064924
0.8940000000000001 20.1608269403
0.8950000000000001 19.7881204723
0.8960000000000001 19.5984078668
0.8970000000000001 26.2601005745
0.8980000000000001 29.2326046554
0.8990000000000001 27.8712230444
0.9000000000000001 29.1950696956
0.9010000000000001 29.2006357231
0.9020000000000001 31.6555865965
0.9030000000000001 28.5615860228
0.9040000000000001 24.1625779249
0.9050000000000001 24.4883501725
0.9060000000000001 23.7724120568
0.9070000000000001 21.7651229212
0.9080000000000001 19.5938341601
0.9090000000000001 18.6452772068
0.9100000000000001 18.1372400629
0.9110000000000001 15.2200966539
0.9120000000000001 13.1972504299
0.9130000000000001 10.7452277475
0.9140000000000001 11.2669707474
0.9150000000000001 9.58685994257
0.9160000000000001 9.08280769436
0.9170000000000001 9.42538192298
0.9180000000000001 8.22283239614
0.9190000000000002 6.89573728027
0.9200000000000002 6.79517269304
0.9210000000000002 7.8534661107
0.9220000000000002 7.15776600998
0.9230000000000002 5.30294893851
0.9240000000000002 5.0417206119
0.9250000000000002 5.00944488987
0.9260000000000002 5.36208953754
0.9270000000000002 4.60679523021
0.9280000000000002 3.91856373196
0.9290000000000002 3.45037094904
0.9300000000000002 2.84407241753
0.9310000000000002 2.97399981665
0.9320000000000002 3.07192087367
0.9330000000000002 2.57243227303
0.9340000000000002 2.12441937775
0.9350000000000002 1.6355682321
0.9360000000000002 1.62060286436
0.9370000000000002 1.7572955163
0.9380000000000002 1.74271275251
0.9390000000000002 1.34888136922
0.9400000000000002 1.07309504945
0.9410000000000002 0.966805096378
0.9420000000000002 1.2566652172
0.9430000000000002 1.30525167165
0.9440000000000002 1.01719840631
0.9450000000000002 0.829531754495
0.9460000000000002 0.919504147669
0.9470000000000002 0.983205146847
0.9480000000000002 0.917782005463
0.9490000000000002 0.733423565499
0.9500000000000002 0.636921888323
0.9510000000000002 0.600471157267
0.9520000000000002 0.643695750312
0.9530000000000002 0.758220501772
0.9540000000000002 0.667494562206
0.9550000000000002 0.645978274034
0.9560000000000002 0.694131801542
0.9570000000000002 0.654324635385
0.9580000000000002 0.883252314644
0.9590000000000002 1.10610552681
0.9600000000000002 1.33777590994
0.9610000000000002 1.60560009954
0.9620000000000002 1.43731616292
0.9630000000000002 2.13723548077
0.9640000000000002 3.75389369164
0.9650000000000002 4.46343457633
0.9660000000000002 4.57667100516
0.9670000000000002 5.08034955544
0.9680000000000002 6.25409403097
0.9690000000000002 6.90882535941
0.9700000000000002 6.72462185671
0.9710000000000002 7.47415044991
0.9720000000000002 7.87708541843
0.9730000000000002 8.07875550487
0.9740000000000002 8.17957026663
0.9750000000000002 8.17616309114
0.9760000000000002 6.83531038148
0.9770000000000002 4.99147512818
0.9780000000000002 4.21163783339
0.9790000000000002 4.85227555716
0.9800000000000002 5.09635706075
0.9810000000000002 3.59994432384
0.9820000000000002 2.39812205875
0.9830000000000002 1.65173204667
0.9840000000000002 1.49459110766
0.9850000000000002 1.28546708848
0.9860000000000002 1.01567658808
0.9870000000000002 0.784918614809
0.9880000000000002 0.530260835322
0.9890000000000002 0.321072686629
0.9900000000000002 0.202677748162
0.9910000000000002 0.166166446982
0.9920000000000002 0.154999295986
0.9930000000000002 0.100816177545
0.9940000000000002 0.0701000642254
0.9950000000000002 0.0589429549771
0.9960000000000002 0.0644691202619
0.9970000000000002 0.0578047671748
0.9980000000000002 0.0435171421018
0.9990000000000002 0.0444649722515
1.0000000000000002 0.055120191817
1.0010000000000003 0.0541888838943
1.0020000000000002 0.0589565136739
1.0030000000000001 0.0689305189521
