rshifts Pz
1.2089999999999999 2.472228429e-27
1.2099999999999997 2.76072495304e-27
1.2109999999999996 5.94359040637e-27
1.2119999999999995 3.22548280178e-26
1.2129999999999994 1.7044639013e-25
1.2139999999999993 4.96766108509e-25
1.2149999999999992 1.648835619e-24
1.215999999999999 1.07616468e-23
1.216999999999999 6.04850060622e-23
1.2179999999999989 1.86415656944e-22
1.2189999999999988 5.04264166577e-22
1.2199999999999986 9.23515346158e-22
1.2209999999999985 3.57676208389e-21
1.2219999999999984 2.48360352097e-20
1.2229999999999983 5.90852909608e-20
1.2239999999999982 1.18489488801e-19
1.224999999999998 1.26227135534e-19
1.225999999999998 8.45753422418e-20
1.2269999999999979 6.54721336618e-20
1.2279999999999978 6.14484534835e-20
1.2289999999999976 1.68207843801e-19
1.2299999999999975 2.34875028092e-19
1.2309999999999974 1.90588447738e-19
1.2319999999999973 2.10583898731e-19
1.2329999999999972 2.60312659687e-19
1.233999999999997 4.7761056984e-19
1.234999999999997 7.9448791648e-19
1.2359999999999969 7.82193644471e-19
1.2369999999999968 1.87783717703e-18
1.2379999999999967 5.78040186996e-18
1.2389999999999965 1.35358180891e-17
1.2399999999999964 1.64696320485e-17
1.2409999999999963 1.20633873463e-17
1.2419999999999962 1.54559233503e-17
1.242999999999996 3.42395815573e-17
1.243999999999996 7.00791211242e-17
1.2449999999999959 8.04147194169e-17
1.2459999999999958 6.14346465498e-17
1.2469999999999957 3.12303465523e-17
1.2479999999999956 2.19624943056e-17
1.2489999999999954 4.23717132717e-17
1.2499999999999953 3.47321251618e-17
1.2509999999999952 2.45623571712e-17
1.2519999999999951 9.50219226338e-18
1.252999999999995 1.42100549672e-18
1.253999999999995 1.32011697868e-18
1.2549999999999948 2.68337949368e-18
1.2559999999999947 1.58401501222e-18
1.2569999999999946 6.46617075811e-19
1.2579999999999945 8.16927639962e-20
1.2589999999999943 3.12969135259e-20
1.2599999999999942 5.9169068186e-20
1.2609999999999941 4.33210045102e-20
1.261999999999994 2.09177750831e-20
1.262999999999994 5.99002870117e-21
1.2639999999999938 4.02858568576e-21
1.2649999999999937 1.35061159789e-20
1.2659999999999936 3.41690037971e-20
1.2669999999999935 3.8669309429e-20
1.2679999999999934 3.28358254273e-20
1.2689999999999932 5.39477930269e-20
1.2699999999999931 2.75889750186e-19
1.270999999999993 2.94950271729e-18
1.271999999999993 1.88720315846e-17
1.2729999999999928 9.34173842161e-17
1.2739999999999927 3.6805916941e-16
1.2749999999999926 1.86331513183e-15
1.2759999999999925 1.6751338445e-14
1.2769999999999924 1.48988255705e-13
1.2779999999999923 6.37608256934e-13
1.2789999999999921 2.49230610633e-12
1.279999999999992 8.01004283317e-12
1.280999999999992 3.36930815171e-11
1.2819999999999918 1.55340611177e-10
1.2829999999999917 4.95172222653e-10
1.2839999999999916 1.5204811591e-09
1.2849999999999915 4.17052703535e-09
1.2859999999999914 1.06082381777e-08
1.2869999999999913 2.73219461005e-08
1.2879999999999912 1.33761650935e-07
1.288999999999991 7.16235363169e-07
1.289999999999991 3.76663960688e-06
1.2909999999999908 2.50430840212e-05
1.2919999999999907 8.28965298879e-05
1.2929999999999906 0.000246858598746
1.2939999999999905 0.00130625805758
1.2949999999999904 0.00482882680848
1.2959999999999903 0.0288642810381
1.2969999999999902 0.276844162912
1.29799999999999 1.12305207684
1.29899999999999 2.41233629891
1.2999999999999898 4.23198140175
1.3009999999999897 6.91582101749
1.3019999999999896 20.3656373884
1.3029999999999895 55.1074853455
1.3039999999999894 78.4360056172
1.3049999999999893 74.9542472213
1.3059999999999892 106.697207137
1.306999999999989 175.428290423
1.307999999999989 195.572958278
1.3089999999999888 125.622128298
1.3099999999999887 65.0417333669
1.3109999999999886 36.0961229118
1.3119999999999885 20.8150107071
1.3129999999999884 11.2515235424
1.3139999999999883 8.92082937283
1.3149999999999882 7.60702774756
1.315999999999988 2.20896926695
1.316999999999988 0.470116403722
1.3179999999999878 0.161062862627
1.3189999999999877 0.0693708051676
1.3199999999999876 0.074335821401
1.3209999999999875 0.0726764962864
1.3219999999999874 0.0197609765166
1.3229999999999873 0.00567631727156
1.3239999999999872 0.00249682208536
1.324999999999987 0.00140546566573
1.325999999999987 0.00131971269145
1.3269999999999869 0.000786505863565
1.3279999999999867 0.000256205933085
1.3289999999999866 8.7490919426e-05
1.3299999999999865 3.69073160568e-05
1.3309999999999864 1.7062190725e-05
1.3319999999999863 1.17284146414e-05
1.3329999999999862 7.20583601675e-06
1.333999999999986 2.75176713958e-06
1.334999999999986 1.08454691321e-06
1.3359999999999859 3.49698804126e-07
1.3369999999999858 1.77684486956e-07
1.3379999999999856 2.0697594075e-07
1.3389999999999855 1.47160539776e-07
1.3399999999999854 5.72155414094e-08
1.3409999999999853 1.45731857533e-08
1.3419999999999852 3.88052091511e-09
1.342999999999985 2.49486035471e-09
1.343999999999985 2.98599642678e-09
1.3449999999999849 2.47816120814e-09
1.3459999999999848 1.01236136422e-09
1.3469999999999847 2.7610272093e-10
1.3479999999999845 1.00044076686e-10
1.3489999999999844 4.86552024458e-11
1.3499999999999843 3.93358506679e-11
1.3509999999999842 2.90925661143e-11
1.351999999999984 1.5125565769e-11
1.352999999999984 7.19383061099e-12
1.3539999999999839 2.93240130172e-12
1.3549999999999838 1.19532977571e-12
1.3559999999999837 5.20985897074e-13
1.3569999999999836 1.82726653769e-13
1.3579999999999834 5.97818176701e-14
1.3589999999999833 2.40159781971e-14
1.3599999999999832 1.16168779694e-14
1.3609999999999831 5.37743644938e-15
1.361999999999983 3.03331097521e-15
1.362999999999983 1.24105336993e-15
1.3639999999999828 4.67219053061e-16
1.3649999999999827 1.83795747435e-16
1.3659999999999826 6.24334826087e-17
1.3669999999999825 3.55679444028e-17
1.3679999999999823 3.6538357694e-17
1.3689999999999822 3.5869150396e-17
1.3699999999999821 2.22211020527e-17
1.370999999999982 5.72324055544e-18
1.371999999999982 1.69010165359e-18
1.3729999999999818 8.40007261745e-19
1.3739999999999817 4.49720611805e-19
1.3749999999999816 2.68001755516e-19
1.3759999999999815 1.05255126341e-19
1.3769999999999814 3.13613242307e-20
1.3779999999999812 1.80049816001e-20
1.3789999999999811 1.4197547498e-20
1.379999999999981 9.59199427061e-21
1.380999999999981 4.05209560949e-21
1.3819999999999808 1.60264884577e-21
1.3829999999999807 1.16165723637e-21
1.3839999999999806 6.63775035549e-22
1.3849999999999805 7.01346722993e-22
1.3859999999999804 6.94186288476e-22
1.3869999999999802 4.36146225002e-22
1.3879999999999801 2.52533588844e-22
1.38899999999998 1.32747908341e-22
1.38999999999998 7.43080181739e-23
1.3909999999999798 6.40631657777e-23
1.3919999999999797 4.53431275295e-23
1.3929999999999796 2.90405598994e-23
1.3939999999999795 1.49415339463e-23
1.3949999999999794 4.97919217763e-24
1.3959999999999793 1.82522672942e-24
1.3969999999999791 1.09071919528e-24
1.397999999999979 6.90205487412e-25
1.398999999999979 5.30729002578e-25
1.3999999999999788 3.95766485193e-25
1.4009999999999787 1.51684062424e-25
1.4019999999999786 4.6334233523e-26
1.4029999999999785 2.63841615692e-26
1.4039999999999784 2.47636818113e-26
1.4049999999999783 2.21133984051e-26
1.4059999999999782 1.64744170607e-26
1.406999999999978 7.04424993512e-27
1.407999999999978 2.11453665532e-27
1.4089999999999778 1.40765864525e-27
