rshifts Pz
1.0819999999999999 2.29500993022e-21
1.0829999999999997 1.55099957163e-21
1.0839999999999996 1.38827931674e-21
1.0849999999999995 1.01914568218e-21
1.0859999999999994 2.38554611966e-21
1.0869999999999993 3.92773268962e-21
1.0879999999999992 5.36011202316e-21
1.088999999999999 9.99332976e-21
1.089999999999999 2.50441522995e-20
1.0909999999999989 3.57854728984e-20
1.0919999999999987 3.44662757345e-20
1.0929999999999986 5.36965063799e-20
1.0939999999999985 2.32503785478e-19
1.0949999999999984 7.82738038726e-19
1.0959999999999983 5.59288502089e-19
1.0969999999999982 2.74083367635e-19
1.097999999999998 2.08886917379e-19
1.098999999999998 8.39110084441e-19
1.0999999999999979 2.80868341005e-18
1.1009999999999978 3.69661074005e-18
1.1019999999999976 2.51372999407e-18
1.1029999999999975 2.23208100302e-18
1.1039999999999974 5.6925307113e-18
1.1049999999999973 2.56735109305e-17
1.1059999999999972 1.03480161235e-16
1.106999999999997 1.09123019806e-16
1.107999999999997 8.49282050368e-17
1.1089999999999969 9.96216936581e-17
1.1099999999999968 3.26812694747e-16
1.1109999999999967 1.08967308811e-15
1.1119999999999965 1.3746642379e-15
1.1129999999999964 5.97884273825e-16
1.1139999999999963 3.19236369564e-16
1.1149999999999962 2.35041513349e-16
1.115999999999996 2.89866431519e-16
1.116999999999996 4.90431621576e-16
1.1179999999999959 2.66163754561e-16
1.1189999999999958 1.1245826346e-16
1.1199999999999957 2.78966550149e-17
1.1209999999999956 2.73738093213e-17
1.1219999999999954 1.04399002974e-16
1.1229999999999953 2.13857997911e-16
1.1239999999999952 8.49687339277e-17
1.1249999999999951 4.57720683158e-17
1.125999999999995 6.61381020904e-17
1.126999999999995 9.45325124039e-16
1.1279999999999948 6.77196924302e-15
1.1289999999999947 1.95386799646e-14
1.1299999999999946 2.98674439765e-14
1.1309999999999945 7.08223189898e-14
1.1319999999999943 7.23290597008e-13
1.1329999999999942 6.06745720183e-12
1.1339999999999941 4.26998482757e-11
1.134999999999994 1.67343708424e-10
1.135999999999994 6.96004355116e-10
1.1369999999999938 3.41760701838e-09
1.1379999999999937 4.67340079025e-09
1.1389999999999936 5.88733125082e-09
1.1399999999999935 1.72045394976e-08
1.1409999999999934 4.93162589131e-08
1.1419999999999932 1.70053898505e-07
1.1429999999999931 9.7829624962e-08
1.143999999999993 3.53125338497e-08
1.144999999999993 4.44072552709e-08
1.1459999999999928 7.0262979405e-08
1.1469999999999927 1.76096974437e-07
1.1479999999999926 1.65207878139e-07
1.1489999999999925 9.49012373175e-08
1.1499999999999924 9.0756452582e-08
1.1509999999999923 1.83397006549e-07
1.1519999999999921 4.42424742937e-07
1.152999999999992 8.74635682296e-07
1.153999999999992 1.50723674134e-06
1.1549999999999918 4.15159863367e-06
1.1559999999999917 1.67749502055e-05
1.1569999999999916 4.53656170448e-05
1.1579999999999915 0.000182083847857
1.1589999999999914 0.000702950496869
1.1599999999999913 0.00164252349155
1.1609999999999912 0.00441885304102
1.161999999999991 0.0178078698432
1.162999999999991 0.0604215036434
1.1639999999999908 0.187105508066
1.1649999999999907 0.282385692647
1.1659999999999906 0.217781208418
1.1669999999999905 0.416831515553
1.1679999999999904 0.935362889566
1.1689999999999903 3.20883933448
1.1699999999999902 11.2681206733
1.17099999999999 14.6760121612
1.17199999999999 9.78579211778
1.1729999999999898 5.69232377026
1.1739999999999897 16.1167716767
1.1749999999999896 59.8880366544
1.1759999999999895 186.394565814
1.1769999999999894 270.761336125
1.1779999999999893 118.370563115
1.1789999999999892 52.8955448655
1.179999999999989 31.9555223568
1.180999999999989 34.0936622459
1.1819999999999888 80.0575997529
1.1829999999999887 79.7127842432
1.1839999999999886 19.0986587915
1.1849999999999885 2.76920425057
1.1859999999999884 0.405172559256
1.1869999999999883 0.271941321561
1.1879999999999882 0.256655363017
1.188999999999988 0.166093915634
1.189999999999988 0.0253667185874
1.1909999999999878 0.00334405927944
1.1919999999999877 0.000770997277653
1.1929999999999876 0.00031005097189
1.1939999999999875 0.000202813568606
1.1949999999999874 7.45787965457e-05
1.1959999999999873 1.30496473971e-05
1.1969999999999872 2.52122233489e-06
1.197999999999987 5.2927043401e-07
1.198999999999987 2.48572346815e-07
1.1999999999999869 2.17319675343e-07
1.2009999999999867 1.15369779266e-07
1.2019999999999866 4.88977042183e-08
1.2029999999999865 1.012523674e-08
1.2039999999999864 2.59033718875e-09
1.2049999999999863 1.6842810728e-09
1.2059999999999862 1.44255816936e-09
1.206999999999986 1.45968412081e-09
1.207999999999986 8.89847022857e-10
1.2089999999999859 2.95312153669e-10
1.2099999999999858 1.39611790901e-10
1.2109999999999856 7.42378236436e-11
1.2119999999999855 7.89047401937e-11
1.2129999999999854 5.90234735717e-11
1.2139999999999853 2.67496257788e-11
1.2149999999999852 1.11195893892e-11
1.215999999999985 4.80737713091e-12
1.216999999999985 2.52916510318e-12
1.2179999999999849 9.57663367306e-13
1.2189999999999848 4.57300797569e-13
1.2199999999999847 2.55265791688e-13
1.2209999999999845 2.34360073427e-13
1.2219999999999844 1.29134885121e-13
1.2229999999999843 3.98472463744e-14
1.2239999999999842 2.56015810476e-14
1.224999999999984 3.64736198705e-14
1.225999999999984 8.2156979876e-14
1.2269999999999839 1.67837769689e-13
1.2279999999999838 1.66745004176e-13
1.2289999999999837 9.76661873281e-14
1.2299999999999836 1.0126574045e-13
1.2309999999999834 2.31254221413e-13
1.2319999999999833 5.19066837842e-13
1.2329999999999832 8.2629049981e-13
1.233999999999983 5.59145669803e-13
1.234999999999983 2.23533951968e-13
1.235999999999983 1.7588161739e-13
1.2369999999999828 2.36764507592e-13
1.2379999999999827 3.98863840853e-13
1.2389999999999826 3.25141362664e-13
1.2399999999999824 1.46390702643e-13
1.2409999999999823 6.18639839564e-14
1.2419999999999822 3.23165273396e-14
1.2429999999999821 2.27524265448e-14
1.243999999999982 1.70201714256e-14
1.244999999999982 7.73637005566e-15
1.2459999999999818 2.42253929569e-15
1.2469999999999817 5.89685142096e-16
1.2479999999999816 2.32846370338e-16
1.2489999999999815 1.79024736592e-16
1.2499999999999813 7.94956230434e-17
1.2509999999999812 1.16757098904e-17
1.2519999999999811 1.05374593384e-18
1.252999999999981 1.31655382365e-19
1.253999999999981 5.32302679595e-20
1.2549999999999808 2.38548429988e-20
1.2559999999999807 4.10028608072e-21
1.2569999999999806 5.4904744646e-22
1.2579999999999805 4.53598403211e-23
1.2589999999999804 9.4844785905e-24
1.2599999999999802 3.53051600301e-24
1.2609999999999801 1.01332306632e-24
1.26199999999998 3.73786504272e-25
1.26299999999998 9.82544929921e-26
1.2639999999999798 4.97645331298e-26
1.2649999999999797 2.86751086849e-26
1.2659999999999796 1.86831460982e-26
1.2669999999999795 1.92320356531e-26
1.2679999999999794 2.26410428415e-26
1.2689999999999793 2.55725641106e-26
1.2699999999999791 2.63088553501e-26
1.270999999999979 3.14161985258e-26
1.271999999999979 5.69991148254e-26
1.2729999999999788 1.53063643154e-25
1.2739999999999787 2.16736878629e-25
1.2749999999999786 2.26425169623e-25
1.2759999999999785 3.16819850059e-25
1.2769999999999784 6.84643935977e-25
1.2779999999999783 8.29429860806e-25
1.2789999999999782 1.12264942699e-24
1.279999999999978 1.53308136142e-24
1.280999999999978 2.19904324996e-24
1.2819999999999778 3.5402434191e-24
