rshifts Pz
0.9229999999999999 2.86087970335e-153
0.9239999999999999 3.63680725685e-152
0.9249999999999999 7.24431531846e-153
0.9259999999999999 2.21346310579e-151
0.9269999999999999 1.13648214283e-149
0.9279999999999999 9.11300638637e-149
0.9289999999999999 8.07385932277e-148
0.9299999999999999 5.3022198468e-147
0.9309999999999999 1.29068331992e-145
0.9319999999999999 7.00246764535e-145
0.9329999999999999 7.34394673577e-144
0.9339999999999999 3.34868264897e-142
0.9349999999999999 9.10344435751e-140
0.9359999999999999 3.15092978347e-138
0.9369999999999999 1.83700420741e-137
0.938 1.88447397257e-136
0.939 7.14844147187e-135
0.94 2.08515586344e-132
0.941 5.48567924495e-131
0.942 3.19359887912e-129
0.943 4.97591661692e-128
0.944 2.78659807371e-126
0.945 3.89043735818e-125
0.946 4.07364327883e-124
0.947 1.51206344588e-121
0.948 2.08137237458e-119
0.949 1.40244939532e-117
0.95 4.69359713698e-117
0.951 1.31442284354e-115
0.952 1.17515449737e-113
0.953 3.33490909468e-112
0.954 2.13465076974e-111
0.955 6.0165861101e-110
0.956 1.04733067554e-108
0.957 1.44463282473e-107
0.958 4.95432825449e-106
0.959 3.42955699976e-105
0.96 1.18826800007e-104
0.961 7.05349784653e-104
0.962 8.88406724389e-103
0.963 5.68426743647e-101
0.964 2.73437913528e-100
0.965 6.04081411054e-101
0.966 1.21176905725e-99
0.967 1.37947016459e-97
0.968 1.33832440972e-94
0.969 5.16346476226e-94
0.97 1.36455899848e-92
0.971 4.79658124406e-91
0.972 5.78552669362e-87
0.973 1.99177179351e-83
0.974 1.50831936254e-82
0.975 3.58553641144e-81
0.976 1.83839975578e-79
0.977 2.92238374325e-74
0.978 1.57202018624e-71
0.979 1.09011473792e-70
0.98 5.39620769974e-70
0.981 8.12738630804e-68
0.982 1.21320569664e-64
0.983 8.97730596566e-64
0.984 2.85709658864e-63
0.985 8.07330190886e-64
0.986 5.8818652334e-63
0.987 1.60313033275e-61
0.988 2.97999592227e-61
0.989 1.34296476042e-61
0.99 5.8952273927e-62
0.991 1.84495544792e-61
0.992 8.03366401438e-61
0.993 3.70794327303e-60
0.994 2.33227667038e-61
0.995 2.10103716456e-60
0.996 1.00232038579e-58
0.997 1.70915078959e-57
0.998 2.34929526606e-57
0.999 1.72534436458e-57
1.0 9.29011898236e-55
1.001 9.72120721554e-51
1.002 8.25674377974e-49
1.0030000000000001 5.99895260127e-49
1.004 8.97966989326e-48
1.005 6.16019305476e-44
1.006 1.80139155894e-40
1.0070000000000001 1.28895492945e-38
1.008 1.42069493436e-38
1.009 7.7188413497e-35
1.01 1.04557262807e-29
1.0110000000000001 6.36926309034e-27
1.012 2.53200768637e-25
1.013 3.128386785e-22
1.014 7.89311505792e-17
1.0150000000000001 4.98838795045e-13
1.016 4.4040556538e-11
1.017 2.20913413993e-09
1.018 2.01049232025e-05
1.0190000000000001 0.587292104414
1.02 8.8280249843
1.021 363.67352691
1.022 240.052143179
1.0230000000000001 367.904722395
1.024 17.7506875705
1.025 1.18332015167
1.026 0.0200453938837
1.0270000000000001 0.000217030192584
1.028 1.74484138483e-07
1.029 3.11967292492e-11
1.03 5.57098252809e-15
1.0310000000000001 5.87532890884e-18
1.032 6.83331059143e-20
1.033 3.75964668277e-22
1.034 3.62654457069e-25
1.0350000000000001 9.89224600838e-30
1.036 7.63996881415e-33
1.037 2.24352435366e-34
1.038 1.09390118567e-35
1.0390000000000001 1.76791642064e-37
1.04 1.34063352982e-40
1.041 9.4483592921e-44
1.042 1.47112735821e-45
1.0430000000000001 1.64277287157e-46
1.044 5.53820920102e-49
1.045 2.02441621762e-52
1.046 8.06395995241e-55
1.0470000000000002 2.44791998617e-57
1.048 1.70360846173e-59
1.049 1.61378458018e-62
1.05 4.94870591332e-65
1.0510000000000002 4.69328451109e-66
1.052 5.16181191806e-68
1.053 9.59867956769e-70
1.054 2.51627081929e-72
1.0550000000000002 6.61717177581e-74
1.056 8.95771951734e-75
1.057 2.39478311481e-75
1.058 4.12890159634e-76
1.0590000000000002 2.33113150092e-77
1.06 2.63063435827e-78
1.061 1.62860819016e-79
1.062 4.53015448802e-81
1.0630000000000002 7.63217667339e-82
1.064 2.38718392361e-83
1.065 8.87984373765e-85
1.066 2.04065944391e-87
1.0670000000000002 1.08900647971e-89
1.068 3.2966307761e-92
1.069 1.93508501244e-93
1.07 2.60348059368e-95
1.0710000000000002 2.56649102374e-98
1.072 1.24143613994e-100
1.073 3.93679284084e-103
1.074 1.90981306035e-104
1.0750000000000002 3.10451738329e-106
1.076 8.96249969107e-108
1.077 9.23720002505e-110
1.078 1.22321958843e-111
1.0790000000000002 1.8036195294e-112
1.08 1.12156496784e-113
1.081 1.03447895963e-114
1.082 2.73878215569e-116
1.0830000000000002 3.6592134431e-117
1.084 1.79986363746e-118
1.085 5.33592541544e-120
1.086 2.33990887163e-121
1.0870000000000002 2.56354029121e-123
1.088 9.42134606929e-125
1.089 8.32796707976e-128
1.09 2.06300590543e-129
1.0910000000000002 1.35038901365e-131
1.092 7.04811819923e-135
1.093 2.64334641058e-138
1.094 1.90938890022e-141
1.0950000000000002 5.10456935038e-144
1.096 1.1559775791e-147
1.097 6.47743933473e-151
1.098 1.84553803272e-155
1.0990000000000002 1.17091655708e-159
1.1 5.27598658122e-163
1.101 4.04071261791e-167
1.102 1.35004438457e-169
1.1030000000000002 4.08056386329e-173
1.104 3.27161760711e-176
1.105 1.64324944161e-179
1.106 3.59278967799e-183
1.1070000000000002 1.4251297452e-185
1.108 6.11762441672e-189
1.109 7.62615172437e-191
1.11 1.21929232617e-191
1.1110000000000002 8.4542714536e-194
1.112 3.29371368358e-196
1.113 1.08728799998e-198
1.114 4.48701867177e-200
1.1150000000000002 4.78512997505e-201
1.116 5.98610433685e-203
1.117 6.79411198956e-204
1.118 8.06805406833e-205
1.1190000000000002 5.05162577512e-206
1.12 1.1540113031e-208
1.121 2.28801407852e-210
1.122 1.17486755173e-209
1.1230000000000002 1.13948365222e-208
