rshifts Pz
0.807 0.00460326410177
0.808 0.00451454225392
0.809 0.00466989383648
0.81 0.00388527821909
0.811 0.0034656716791
0.812 0.00321238688707
0.8130000000000001 0.00358137983406
0.8140000000000001 0.00293281776519
0.8150000000000001 0.00240482303972
0.8160000000000001 0.00283609144857
0.8170000000000001 0.00330014390617
0.8180000000000001 0.00372702818716
0.8190000000000001 0.00481077598234
0.8200000000000001 0.00525163190489
0.8210000000000001 0.00528579642847
0.8220000000000001 0.00409310933169
0.8230000000000001 0.00396290091383
0.8240000000000001 0.00381345903657
0.8250000000000001 0.00375208987873
0.8260000000000001 0.00414107433519
0.8270000000000001 0.00467184296185
0.8280000000000001 0.00365219828177
0.8290000000000001 0.00349638125225
0.8300000000000001 0.00359894928662
0.8310000000000001 0.00353804395032
0.8320000000000001 0.00403544634446
0.8330000000000001 0.00418674456633
0.8340000000000001 0.00442971094434
0.8350000000000001 0.00308361080392
0.8360000000000001 0.00277706706198
0.8370000000000001 0.0038233622047
0.8380000000000001 0.0054366729953
0.8390000000000001 0.00624115358719
0.8400000000000001 0.00747032594032
0.8410000000000001 0.00791198013209
0.8420000000000001 0.00929491379225
0.8430000000000001 0.012119344364
0.8440000000000001 0.0164660388444
0.8450000000000001 0.0206565238522
0.8460000000000001 0.028297604122
0.8470000000000001 0.0273536442807
0.8480000000000001 0.0273076979317
0.8490000000000001 0.0272006344965
0.8500000000000001 0.0267269821374
0.8510000000000001 0.0257423894825
0.8520000000000001 0.0328498441655
0.8530000000000001 0.0367678935633
0.8540000000000001 0.0250453245962
0.8550000000000001 0.0139468160359
0.8560000000000001 0.0124576819686
0.8570000000000001 0.0133033899474
0.8580000000000001 0.00984570995136
0.8590000000000001 0.00799940849258
0.8600000000000001 0.0116701795431
0.8610000000000001 0.0165980952568
0.8620000000000001 0.0238301810727
0.8630000000000001 0.0288671501826
0.8640000000000001 0.0683221023123
0.8650000000000001 0.078433599091
0.8660000000000001 0.074490146145
0.8670000000000001 0.0860011984048
0.8680000000000001 0.0936687240081
0.8690000000000001 0.121776026656
0.8700000000000001 0.149010779519
0.8710000000000001 0.116750154029
0.8720000000000001 0.101820184415
0.8730000000000001 0.0980352757898
0.8740000000000001 0.102381100794
0.8750000000000001 0.15211722405
0.8760000000000001 0.121049405572
0.8770000000000001 0.0894635885527
0.8780000000000001 0.0708512683874
0.8790000000000001 0.0782751411694
0.8800000000000001 0.130225944071
0.8810000000000001 0.164186090911
0.8820000000000001 0.151472696643
0.8830000000000001 0.22989665601
0.8840000000000001 0.418281627341
0.8850000000000001 0.744290931958
0.8860000000000001 0.970462958431
0.8870000000000001 1.15499595861
0.8880000000000001 1.4465698291
0.8890000000000001 2.01627462134
0.8900000000000001 2.16624468757
0.8910000000000001 2.12697513361
0.8920000000000001 2.47986486952
0.8930000000000001 3.54956142182
0.8940000000000001 4.61492387392
0.8950000000000001 4.42517584641
0.8960000000000001 3.93535141386
0.8970000000000001 5.16300820199
0.8980000000000001 9.10133385481
0.8990000000000001 10.4810518073
0.9000000000000001 12.3582058469
0.9010000000000001 14.6307188635
0.9020000000000001 15.5172950042
0.9030000000000001 15.9185506758
0.9040000000000001 19.9258849587
0.9050000000000001 26.9222411983
0.9060000000000001 27.9284505009
0.9070000000000001 29.2861625903
0.9080000000000001 31.8910100721
0.9090000000000001 30.4110991725
0.9100000000000001 25.5098557798
0.9110000000000001 19.1510552095
0.9120000000000001 17.1817304372
0.9130000000000001 11.1401612389
0.9140000000000001 6.05919252405
0.9150000000000001 4.09276521401
0.9160000000000001 4.69724896724
0.9170000000000001 5.84674048089
0.9180000000000001 4.31805225854
0.9190000000000002 3.88468884232
0.9200000000000002 3.52695940274
0.9210000000000002 4.41403604861
0.9220000000000002 9.40308688455
0.9230000000000002 13.6991629158
0.9240000000000002 19.9209741159
0.9250000000000002 23.7092334193
0.9260000000000002 24.7921428362
0.9270000000000002 27.3018327428
0.9280000000000002 30.1928973375
0.9290000000000002 29.8750596805
0.9300000000000002 36.1969232294
0.9310000000000002 47.4908129213
0.9320000000000002 69.0867824929
0.9330000000000002 76.5066872494
0.9340000000000002 47.7294295786
0.9350000000000002 29.9376623372
0.9360000000000002 26.7781838132
0.9370000000000002 24.3752046581
0.9380000000000002 17.206219898
0.9390000000000002 10.4058682438
0.9400000000000002 8.68225692325
0.9410000000000002 5.73581131548
0.9420000000000002 4.57997610102
0.9430000000000002 3.45966162131
0.9440000000000002 2.83734231039
0.9450000000000002 1.95109591353
0.9460000000000002 1.39224345602
0.9470000000000002 1.43564630776
0.9480000000000002 1.40792780495
0.9490000000000002 0.932102303756
0.9500000000000002 0.544882812455
0.9510000000000002 0.471776774795
0.9520000000000002 0.440320204569
0.9530000000000002 0.313977823836
0.9540000000000002 0.295639120021
0.9550000000000002 0.326863065056
0.9560000000000002 0.318190809145
0.9570000000000002 0.308807688143
0.9580000000000002 0.279850346301
0.9590000000000002 0.258789418686
0.9600000000000002 0.329149436669
0.9610000000000002 0.320949565086
0.9620000000000002 0.260369889799
0.9630000000000002 0.222567671516
0.9640000000000002 0.208013518599
0.9650000000000002 0.185518432861
0.9660000000000002 0.172900138069
0.9670000000000002 0.149266353891
0.9680000000000002 0.142153004767
0.9690000000000002 0.103613866394
0.9700000000000002 0.122912818344
0.9710000000000002 0.151103334276
0.9720000000000002 0.16008880318
0.9730000000000002 0.15129455681
0.9740000000000002 0.0741512674689
0.9750000000000002 0.0588799008957
0.9760000000000002 0.0557145838118
0.9770000000000002 0.0442604918093
0.9780000000000002 0.0265556272715
0.9790000000000002 0.0242631999405
0.9800000000000002 0.0257085870104
0.9810000000000002 0.0376993252447
0.9820000000000002 0.0561698484841
0.9830000000000002 0.0533568876299
0.9840000000000002 0.0769572075945
0.9850000000000002 0.0784498180407
0.9860000000000002 0.109290676738
0.9870000000000002 0.150390995506
0.9880000000000002 0.167926811644
0.9890000000000002 0.168035039292
0.9900000000000002 0.168411714921
0.9910000000000002 0.235360840433
0.9920000000000002 0.257622510055
0.9930000000000002 0.342647754064
0.9940000000000002 0.434011043086
0.9950000000000002 0.415312422948
0.9960000000000002 0.334758915829
0.9970000000000002 0.243997624817
0.9980000000000002 0.194956060368
0.9990000000000002 0.183188192518
1.0000000000000002 0.13616804141
1.0010000000000003 0.0894039268879
1.0020000000000002 0.0644599033529
1.0030000000000001 0.0438845377249
1.0040000000000002 0.0289101829213
1.0050000000000003 0.0316122181815
1.0060000000000002 0.0306241407182
1.0070000000000001 0.0245774794018
