rshifts Pz
0.981 1.61273517919e-10
0.982 1.52927311497e-10
0.983 1.59456967223e-10
0.984 1.31018125902e-10
0.985 8.59539901998e-11
0.986 2.92046417948e-11
0.987 4.97597661609e-11
0.988 3.96359953849e-11
0.989 2.03782181507e-11
0.99 1.11641224201e-11
0.991 7.41295341886e-12
0.992 1.06860440411e-11
0.993 4.50796990376e-12
0.994 1.71393176522e-12
0.995 1.61015817109e-12
0.996 2.59098358964e-12
0.997 2.84311168181e-12
0.998 1.3756467578e-12
0.999 4.74247330564e-13
1.0 3.35236456305e-13
1.001 4.93190794251e-13
1.002 7.47738146175e-13
1.0030000000000001 3.15475490678e-13
1.004 2.97046323397e-13
1.005 2.415171394e-13
1.006 3.64010162471e-13
1.0070000000000001 4.1521267463e-13
1.008 7.56602444238e-13
1.009 2.06748926722e-12
1.01 3.46468235229e-12
1.0110000000000001 7.75277087083e-12
1.012 2.47809373132e-11
1.013 8.230875222e-11
1.014 2.75624769288e-10
1.0150000000000001 4.65836543078e-10
1.016 1.14527857949e-09
1.017 1.68560683569e-09
1.018 4.71900147306e-09
1.0190000000000001 7.19355190913e-09
1.02 6.33234492959e-09
1.021 1.12370011319e-08
1.022 1.28906622267e-08
1.0230000000000001 1.86036084887e-08
1.024 1.11502341088e-08
1.025 9.50165962168e-09
1.026 2.92429977761e-08
1.0270000000000001 7.59898677736e-08
1.028 6.13841069569e-08
1.029 3.47786171068e-08
1.03 3.94721215482e-08
1.0310000000000001 3.8317998871e-08
1.032 4.12480044207e-08
1.033 2.54710176696e-08
1.034 2.17098145807e-08
1.0350000000000001 1.30461871977e-08
1.036 8.01662845391e-09
1.037 8.38540991617e-09
1.038 1.29266178587e-08
1.0390000000000001 1.16719607382e-08
1.04 6.58799378475e-09
1.041 5.74092264206e-09
1.042 2.88210151316e-08
1.0430000000000001 8.75215139173e-08
1.044 7.41752527505e-08
1.045 3.11466247754e-08
1.046 2.99717920223e-08
1.0470000000000002 1.43992536585e-07
1.048 6.60026908093e-07
1.049 7.88846510996e-07
1.05 5.76092575148e-07
1.0510000000000002 4.39724640273e-07
1.052 1.42504517577e-06
1.053 2.94221648695e-06
1.054 7.74246432316e-06
1.0550000000000002 8.55470874481e-06
1.056 7.63818347913e-06
1.057 1.06216584919e-05
1.058 1.23858819412e-05
1.0590000000000002 2.50072804393e-05
1.06 4.6674773895e-05
1.061 4.15845968529e-05
1.062 9.07197742569e-05
1.0630000000000002 0.000145762475701
1.064 0.000216329687225
1.065 0.000541753796211
1.066 0.00296637129051
1.0670000000000002 0.019329996501
1.068 0.0347826812265
1.069 0.0402376710621
1.07 0.0850768764414
1.0710000000000002 0.452358001563
1.072 1.15584181302
1.073 1.93818835023
1.074 4.81442864717
1.0750000000000002 7.74597302961
1.076 11.530581625
1.077 15.5105152136
1.078 64.0199902123
1.0790000000000002 182.442586576
1.08 156.378452738
1.081 112.329415555
1.082 147.668946493
1.0830000000000002 146.881140202
1.084 88.1854245457
1.085 38.6951950088
1.086 13.0830654375
1.0870000000000002 5.71248739719
1.088 0.835912697171
1.089 0.247884419668
1.09 0.108554964107
1.0910000000000002 0.0397352497503
1.092 0.0081703356586
1.093 0.00212010840049
1.094 0.000611337228649
1.0950000000000002 0.000323440150963
1.096 0.000163785641261
1.097 8.71027070255e-05
1.098 4.27593364483e-05
1.0990000000000002 9.76630632614e-05
1.1 0.00013296116009
1.101 0.000137699518036
1.102 0.000208778004181
1.1030000000000002 0.000303158018247
1.104 0.00071832628559
1.105 0.00135853946393
1.106 0.00212414645022
1.1070000000000002 0.00196568055588
1.108 0.000704111662152
1.109 0.000235657776184
1.11 0.000225601817851
1.1110000000000002 0.000125054764358
1.112 7.58327471823e-05
1.113 1.08231656329e-05
1.114 2.99420915998e-06
1.1150000000000002 2.27861651804e-06
1.116 1.44408413318e-06
1.117 1.22781774566e-06
1.118 4.68063716707e-07
1.1190000000000002 3.63923892046e-07
1.12 3.06267056753e-07
1.121 1.83148314101e-07
1.122 1.9530733917e-07
1.1230000000000002 2.09457915499e-07
1.124 3.07336326068e-07
1.125 2.43856835299e-07
1.1260000000000001 2.13965396826e-07
1.1270000000000002 2.59565555877e-07
1.1280000000000001 5.45422356365e-07
1.129 7.81466910129e-07
1.1300000000000001 6.71083820503e-07
1.1310000000000002 7.74280604448e-07
1.1320000000000001 5.27619913177e-07
1.133 3.80194505522e-07
1.1340000000000001 3.96541840338e-07
1.1350000000000002 4.37244246332e-07
1.1360000000000001 6.39682870799e-07
1.137 8.96353181034e-07
1.1380000000000001 1.0054501258e-06
1.1390000000000002 8.30391800271e-07
1.1400000000000001 9.28010975078e-07
1.141 6.24646076602e-06
1.1420000000000001 2.86313367674e-05
1.1430000000000002 0.000105984999168
1.1440000000000001 0.000222477973071
1.145 0.000477565376059
1.1460000000000001 0.00142574824014
1.1470000000000002 0.00243955332752
1.1480000000000001 0.00365718648979
1.149 0.00318673908019
1.1500000000000001 0.00368012771153
1.1510000000000002 0.00256522592579
1.1520000000000001 0.00120697724053
1.153 0.000374892283345
1.1540000000000001 0.000178797376289
1.1550000000000002 0.000122618805989
1.1560000000000001 6.89506038734e-05
1.157 2.908704101e-05
1.1580000000000001 8.09577622092e-06
1.1590000000000003 3.63914417741e-06
1.1600000000000001 4.03897331467e-06
1.161 3.63222089657e-06
1.1620000000000001 1.95987118424e-06
1.1630000000000003 9.55295113055e-07
1.1640000000000001 4.35760858121e-07
1.165 5.22668330263e-07
1.1660000000000001 4.75371064843e-07
1.1670000000000003 3.77515041119e-07
1.1680000000000001 1.61174688965e-07
1.169 9.98340999246e-08
1.1700000000000002 1.52976758395e-07
1.1710000000000003 1.76379498531e-07
1.1720000000000002 1.77284034342e-07
1.173 1.11753999596e-07
1.1740000000000002 6.50854221872e-08
1.1750000000000003 8.0807883525e-08
1.1760000000000002 9.82531841018e-08
1.177 9.80375143694e-08
1.1780000000000002 1.52926653757e-07
1.1790000000000003 4.37284445169e-07
1.1800000000000002 4.17191030994e-07
1.181 2.39015572847e-07
