rshifts Pz
0.9380000000000001 4.25276006621e-39
0.9390000000000001 3.57493487887e-39
0.9400000000000001 2.70827336178e-39
0.9410000000000001 2.22230916575e-39
0.9420000000000001 1.77546949272e-39
0.9430000000000001 5.15315485018e-40
0.9440000000000001 1.95479191989e-40
0.9450000000000001 1.14949003918e-40
0.9460000000000001 7.61974295451e-41
0.9470000000000001 6.53794336931e-41
0.9480000000000001 2.39642261698e-41
0.9490000000000001 2.37859125744e-41
0.9500000000000001 2.2704496193e-41
0.9510000000000001 3.11183052337e-41
0.9520000000000001 4.96886646369e-41
0.9530000000000001 1.48561389014e-40
0.9540000000000001 8.18743837146e-40
0.9550000000000001 1.32342101011e-39
0.9560000000000001 2.56286870363e-39
0.9570000000000001 4.77889889415e-39
0.9580000000000001 1.36413233411e-37
0.9590000000000001 1.8387545203e-36
0.9600000000000001 1.01070832952e-35
0.9610000000000001 2.66469665038e-35
0.9620000000000001 5.65550261548e-35
0.9630000000000001 1.89892686558e-34
0.9640000000000001 9.01267967349e-34
0.9650000000000001 4.44489279273e-33
0.9660000000000001 1.73388189209e-32
0.9670000000000001 2.35820804189e-32
0.9680000000000001 1.59885276923e-32
0.9690000000000001 2.48936779248e-32
0.9700000000000001 7.2890321381e-32
0.9710000000000001 1.56624971835e-31
0.9720000000000001 3.24507911337e-31
0.9730000000000001 7.24140374248e-31
0.9740000000000001 1.69139373993e-30
0.9750000000000001 4.52662528712e-30
0.9760000000000001 5.06458319938e-30
0.9770000000000001 1.5229008848e-29
0.9780000000000001 3.40753284738e-29
0.9790000000000001 6.76414374372e-29
0.9800000000000001 7.26911711848e-29
0.9810000000000001 1.65286413186e-28
0.9820000000000001 5.10773073508e-28
0.9830000000000001 6.240176583e-28
0.9840000000000001 4.18498794937e-28
0.9850000000000001 4.86771860024e-28
0.9860000000000001 6.11652436332e-27
0.9870000000000001 1.30290849372e-26
0.9880000000000001 6.99396480188e-27
0.9890000000000001 2.62531907923e-27
0.9900000000000001 5.8357816125e-27
0.9910000000000001 1.11501709908e-25
0.9920000000000001 3.82350461988e-25
0.9930000000000001 5.35944571485e-25
0.9940000000000001 3.34289490878e-25
0.9950000000000001 1.01059976613e-24
0.9960000000000001 1.51669809045e-23
0.9970000000000001 1.49819888048e-22
0.9980000000000001 1.93367214029e-21
0.9990000000000001 4.33315612188e-21
1.0 9.36547664524e-21
1.0010000000000001 5.76801646612e-20
1.0020000000000002 4.90635245814e-19
1.0030000000000001 3.17367833358e-18
1.004 1.0656457766e-17
1.0050000000000001 1.89009915239e-17
1.0060000000000002 3.81722996486e-17
1.0070000000000001 6.28296980957e-17
1.008 1.28361156401e-16
1.0090000000000001 3.88870447907e-16
1.0100000000000002 1.20342193015e-15
1.0110000000000001 2.00441497484e-15
1.012 9.92262519279e-16
1.0130000000000001 9.32408199045e-16
1.0140000000000002 4.90016771338e-15
1.0150000000000001 3.77725733283e-14
1.016 1.35476347091e-13
1.0170000000000001 9.54608094175e-14
1.0180000000000002 1.22520025787e-13
1.0190000000000001 2.81166085009e-12
1.02 5.78523469447e-11
1.0210000000000001 2.27554919125e-10
1.0220000000000002 3.62448808419e-10
1.0230000000000001 1.57538488112e-09
1.024 6.00485141468e-08
1.0250000000000001 2.40074938668e-06
1.0260000000000002 1.15295028457e-05
1.0270000000000001 2.50832889601e-05
1.028 0.000108930216695
1.0290000000000001 0.000967435462027
1.0300000000000002 0.00767934392739
1.0310000000000001 0.0612668254676
1.032 0.266355958872
1.0330000000000001 0.597024379127
1.0340000000000003 1.39941477333
1.0350000000000001 8.1598708862
1.036 26.0414166312
1.0370000000000001 60.764299124
1.0380000000000003 48.2099404863
1.0390000000000001 104.938543844
1.04 392.975804997
1.0410000000000001 273.464628219
1.0420000000000003 55.3717305073
1.0430000000000001 11.0065729768
1.044 7.07889917683
1.0450000000000002 6.57870882785
1.0460000000000003 2.65878837755
1.0470000000000002 0.339542265379
1.048 0.0634709588201
1.0490000000000002 0.00970415565539
1.0500000000000003 0.00313280762829
1.0510000000000002 0.00134880690302
1.052 0.000512775702674
1.0530000000000002 0.000206603511415
1.0540000000000003 1.43086317603e-05
1.0550000000000002 2.35233200018e-06
1.056 1.8790753013e-06
1.0570000000000002 1.45143117069e-06
1.0580000000000003 7.18451738173e-07
1.0590000000000002 9.82828672791e-08
1.06 1.92764788732e-08
1.0610000000000002 1.27916006292e-08
1.0620000000000003 6.51608418794e-09
1.0630000000000002 2.47569053279e-09
1.064 4.36583557667e-10
1.0650000000000002 8.55911200283e-11
1.0660000000000003 3.94726563477e-11
1.0670000000000002 9.13204259843e-12
1.068 1.55978209262e-12
1.0690000000000002 3.43397652507e-13
1.0700000000000003 3.55313902154e-13
1.0710000000000002 2.57849304457e-13
1.072 8.05835186882e-14
1.0730000000000002 1.2635783881e-14
1.0740000000000003 2.02877955182e-15
1.0750000000000002 1.35918064785e-15
1.076 1.52689782162e-15
1.0770000000000002 1.37621636385e-15
1.0780000000000003 4.83262034403e-16
1.0790000000000002 6.97074477798e-17
1.08 1.00033336249e-17
1.0810000000000002 3.44801519253e-18
1.0820000000000003 3.35439274245e-18
1.0830000000000002 2.2543640971e-18
1.084 7.20608596299e-19
1.0850000000000002 3.03148159041e-19
1.0860000000000003 1.79955526832e-19
1.0870000000000002 1.66455899052e-19
1.088 2.11384476475e-19
1.0890000000000002 5.25172912071e-20
1.0900000000000003 1.75061684691e-20
1.0910000000000002 1.83674601475e-20
1.092 1.71965519646e-20
1.0930000000000002 2.40820423156e-20
1.0940000000000003 8.8152600894e-21
1.0950000000000002 3.58640860061e-21
1.096 1.39803734993e-21
1.0970000000000002 5.89244147265e-22
1.0980000000000003 2.57260742088e-22
1.0990000000000002 4.98730843948e-23
1.1 1.80896410911e-23
1.1010000000000002 4.56540165616e-24
1.1020000000000003 8.40925429591e-25
1.1030000000000002 6.9297816766e-26
1.104 4.45530336386e-27
1.1050000000000002 5.42251139907e-28
1.1060000000000003 4.65017168387e-29
1.1070000000000002 4.11028169481e-30
1.108 2.06211421493e-31
1.1090000000000002 3.06520830861e-32
1.1100000000000003 2.70016300712e-33
1.1110000000000002 1.27968237853e-34
1.112 1.30881555589e-35
1.1130000000000002 3.83835915565e-36
1.1140000000000003 2.30444829638e-36
1.1150000000000002 7.3268045515e-37
1.116 1.05546648139e-37
1.1170000000000002 2.80317554583e-38
1.1180000000000003 2.47880414261e-38
1.1190000000000002 1.8101306421e-38
1.12 6.24775124318e-39
1.1210000000000002 4.62933075755e-39
1.1220000000000003 3.643367268e-39
1.1230000000000002 2.8304292906e-39
1.124 1.20635028301e-39
1.1250000000000002 4.1048116e-40
1.1260000000000003 3.27561355025e-40
1.1270000000000002 3.99578212731e-40
1.1280000000000001 2.0222623743e-40
1.1290000000000002 6.47395061861e-41
1.1300000000000003 2.89114995412e-41
1.1310000000000002 2.24554855552e-41
1.1320000000000001 1.53106131214e-41
1.1330000000000002 4.70802048552e-42
1.1340000000000003 1.04390874527e-42
1.1350000000000002 5.27918731238e-43
1.1360000000000001 2.25982627336e-43
1.1370000000000002 2.38865830911e-43
1.1380000000000003 7.36156659548e-44
