P(z) z
2453.6077396275964 0.01
2470.139486800612 0.0201
2479.066460625012 0.030301
2481.790670075055 0.04060401
2468.5029721099113 0.0510100501
2446.3065821231603 0.061520150601
2427.340782618271 0.07213535210701
2341.907310629788 0.0828567056280801
2319.823744763808 0.0936852726843609
2321.9529740349167 0.10462212541120451
2321.935423381104 0.11566834666531656
2321.4336231609404 0.12682503013196972
2309.4905167686093 0.13809328043328942
2314.134164906171 0.1494742132376223
2317.2925128935008 0.16096895536999853
2314.450331504469 0.1725786449236985
2301.0856519458 0.1843044313729355
2281.41965524108 0.19614747568666485
2265.3287851077366 0.2081089504435315
2242.5264392226695 0.22019003994796682
2221.1712249722505 0.23239194034744648
2204.654679375478 0.24471585975092094
2190.228289342302 0.25716301834843014
2169.015259943141 0.2697346485319144
2144.8717952227994 0.2824319950172336
2124.5286701354216 0.29525631496740595
2125.3925982855544 0.30820887811708003
2117.158986143617 0.3212909668982508
2121.2930572936025 0.33450387656723335
2114.515788693326 0.3478489153329057
2097.722445697493 0.36132740448623474
2080.8360399184944 0.3749406785310971
2055.009598384135 0.38869008531640803
2026.0941415663506 0.4025769861695721
1992.0123312139683 0.41660275603126784
1951.9110140976743 0.4307687835915805
1914.2765554777534 0.4450764714274963
1870.8058919347156 0.45952723614177127
1825.8602008651228 0.474122508503189
1785.4116564972633 0.4888637335882209
1741.4787493353322 0.5037523709241031
1699.3948245186546 0.5187898946333441
1659.3285128450477 0.5339777935796776
1614.8163742736888 0.5493175715154743
1568.5266260567946 0.5648107472306291
1522.8680354529115 0.5804588547029353
1474.2341387948095 0.5962634432499647
1431.204411400155 0.6122260776824644
1387.6561117518004 0.6283483384592891
1346.5443403542663 0.6446318218438819
1307.5044158243759 0.6610781400623207
1264.5859280247407 0.6776889214629439
1219.3135497874198 0.6944658106775733
1173.8697234993574 0.711410468784349
1126.083215202363 0.7285245734721925
1078.164579312115 0.7458098192069144
1026.9106412014517 0.7632679173989835
970.9973218933075 0.7809005965729733
915.1947036122945 0.798709602538703
861.891570350379 0.8166966985640901
803.5807332846765 0.834863665549731
749.9574258079273 0.8532123022052284
696.4213704693431 0.8717444252272807
642.5858143975368 0.8904618694795535
590.9886019984841 0.9093664881743491
538.3502183566735 0.9284601530560925
484.8644275407603 0.9477447545866534
432.10889608489725 0.96722220213252
380.80989856577787 0.9868944241538452
330.2654048608389 1.0067633683953836
285.5645229965904 1.0268310020793374
249.52225733191855 1.0470993121001309
212.88145784741224 1.067570305221132
178.50588583902146 1.0882460082733434
146.84887870754952 1.109128468356077
119.12257232478775 1.1302197530396376
100.58092376303631 1.151521950570034
79.01925347236997 1.1730371700757343
64.07529820942362 1.1947675417764916
54.64066289698382 1.2167152171942566
46.67028667519905 1.2388823693661992
41.96231265602621 1.2612711930598612
39.293467555159005 1.2838839049904598
36.63858211313543 1.3067227440403644
32.859748435570594 1.329789971480768
28.301385350379878 1.3530878711955756
23.536604493125523 1.3766187499075313
19.33287725404941 1.4003849374066066
16.81473045470339 1.4243887867806726
15.701019967339622 1.4486326746484792
14.933983119090149 1.473119001394964
15.033658200461625 1.4978501914089137
16.196157544158 1.5228286933230029
18.49602527695937 1.548056980256233
22.855231218422844 1.5735375500587954
28.660803674108553 1.5992729255593834
35.026868576296096 1.6252656548149773
41.591616724901435 1.651518311363127
48.389591356651714 1.6780334944767583
54.65318099977445 1.7048138294215258
63.254928774639566 1.731861967715741
74.12886201876593 1.7591805873928983
86.11547922142326 1.7867723932668274
100.83244814418558 1.8146401171994957
117.8696494152066 1.8427865183714907
137.82921858049528 1.8712143835552055
161.44802460093774 1.8999265273907575
190.35136500786723 1.928925792664665
225.87376168276492 1.9582150505913116
265.45186252300425 1.9877972010972247
307.38665270937116 2.0176751731081968
351.15913391504387 2.0478519248392786
397.3047952094499 2.0783304440876713
447.5430319617562 2.109113748528548
501.47486492960167 2.140204886013833
561.9051299759791 2.1716069348739717
629.4385918158719 2.203323004222711
703.2233522954689 2.2353562342649385
776.4247598589088 2.267709796607588
857.2548634529919 2.3003868945736636
945.1679434565979 2.3333907635194002
1026.2855380909873 2.366724671154594
1104.2002328585725 2.40039191786614
1187.3736350076215 2.4343958370448013
1281.9280014304404 2.4687397954152495
1369.8397872325609 2.503427193369402
1449.5531164652382 2.5384614653030964
1523.014795486205 2.573846079956127
1603.386156739428 2.6095845407556886
1677.8229505142801 2.6456803861632454
1751.2851539970222 2.682137190024878
1816.3264421808747 2.7189585619251266
1885.0704246744979 2.756148147544378
1959.8816897594222 2.793709629019822
2026.0266152795966 2.83164672531002
2103.991802504512 2.8699631925631204
2169.187082660407 2.9086628244887516
2233.6191596244953 2.947749452733639
2302.987358003016 2.987226947260975
2360.8748713510377 3.027099216733585
2425.1193063466685 3.067370208900921
2478.0167086371084 3.10804391098993
2527.1537401660535 3.149124350099829
2574.700592303789 3.1906155936008274
2622.2061195620036 3.2325217495368355
2648.6865982613713 3.274846967032204
2683.269372162726 3.317595436702526
2693.946294547783 3.360771391069551
2707.126930274698 3.4043791049802468
2703.8827200445326 3.448422896030049
2698.0757710883063 3.49290712499035
2696.983204027588 3.5378361962402534
2685.7659947583293 3.583214558202656
2674.408543018344 3.6290467037846827
2643.9951145121468 3.6753371708225298
2608.6235730250123 3.722090542530755
2577.6830135606483 3.7693114479560625
2530.047697253367 3.8170045624356232
2459.8192345483285 3.8651746080599794
2400.922204173459 3.9138263541405793
2343.019157797222 3.962964617681985
2281.955697244701 4.012594263858805
2223.091196077009 4.062720206497393
2163.2703437458304 4.113347408562367
2104.870300942223 4.16448088264799
2053.490008319411 4.2161256914744705
2002.7465352148743 4.268286948389215
1968.9328999163163 4.320969817873107
1943.0222158244715 4.3741795160518375
1929.3345975388684 4.427921311212356
1926.0133469612376 4.48220052432448
1943.7364481919872 4.537022529567724
1961.8895925761753 4.592392754863401
1987.1104582378032 4.648316682412036
2025.7187361948327 4.7047998492361565
2060.5415848112766 4.761847847728518
2093.747239948712 4.819466326205803
2123.6657454836445 4.877660989467861
2119.947027982038 4.93643759936254
2136.8211470821784 4.995801975356165
2137.850027605624 5.055759995109726
2120.679338090732 5.116317595060823
2112.8050124324955 5.177480771011432
2106.7440403529104 5.239255578721546
2093.3013314566915 5.301648134508762
2073.539332433348 5.364664615853849
2064.0601014134563 5.428311262012388
2066.362176240604 5.492594374632511
2084.309452904053 5.557520318378836
2118.8549208107493 5.623095521562624
2179.1314602844477 5.689326476778251
2258.000803544437 5.756219741546033
2363.926867234695 5.823781938961494
2482.120119439493 5.8920197583511085
2596.3563395157134 5.960939955934619
