P(z) z
1034.8201047345897 0.01
1035.304944828802 0.0201
1033.9450745492134 0.030301
1030.7078406908433 0.04060401
1016.4436972460687 0.0510100501
1002.8770490082134 0.061520150601
995.0200667267572 0.07213535210701
946.7175444384686 0.0828567056280801
934.7399512705251 0.0936852726843609
934.6132829421315 0.10462212541120451
932.8208894222067 0.11566834666531656
929.9655634132786 0.12682503013196972
917.4433423680657 0.13809328043328942
916.3975624673081 0.1494742132376223
914.1613025333712 0.16096895536999853
910.5788402685565 0.1725786449236985
905.6107777582081 0.1843044313729355
902.306246966723 0.19614747568666485
896.1766354271022 0.2081089504435315
891.6950064035553 0.22019003994796682
887.1613530644364 0.23239194034744648
878.8792871015553 0.24471585975092094
866.4076329884521 0.25716301834843014
844.5073873104635 0.2697346485319144
818.8955455848613 0.2824319950172336
780.1844581830272 0.29525631496740595
736.8322876444701 0.30820887811708003
718.9047537983286 0.3212909668982508
719.921442848466 0.33450387656723335
722.1333983025072 0.3478489153329057
723.595485524904 0.36132740448623474
728.4904455471103 0.3749406785310971
723.6790943779664 0.38869008531640803
719.9504737174543 0.4025769861695721
715.5758432221083 0.41660275603126784
707.4737527482841 0.4307687835915805
709.0528721481206 0.4450764714274963
701.609491266188 0.45952723614177127
693.1992282188202 0.474122508503189
699.0873371303774 0.4888637335882209
698.2853006033591 0.5037523709241031
689.6427058325387 0.5187898946333441
674.9938869872883 0.5339777935796776
657.6932219327985 0.5493175715154743
639.1808418141701 0.5648107472306291
621.691383086653 0.5804588547029353
601.1492151819272 0.5962634432499647
582.8910233040367 0.6122260776824644
564.6018219861988 0.6283483384592891
547.1913797476578 0.6446318218438819
529.8361318148851 0.6610781400623207
507.53189776581735 0.6776889214629439
481.45250503440104 0.6944658106775733
447.2526704846532 0.711410468784349
414.2348181365982 0.7285245734721925
381.6480202524098 0.7458098192069144
336.9735865633159 0.7632679173989835
307.01625207689426 0.7809005965729733
283.9500103635812 0.798709602538703
258.07603775861116 0.8166966985640901
231.29522336730346 0.834863665549731
207.40499735334578 0.8532123022052284
185.70004766838198 0.8717444252272807
161.88302316979204 0.8904618694795535
135.99084131338373 0.9093664881743491
112.73368713464058 0.9284601530560925
91.31726694478667 0.9477447545866534
71.61454255375807 0.96722220213252
56.54028181723555 0.9868944241538452
44.6246854473153 1.0067633683953836
34.67148535869913 1.0268310020793374
27.000006841257395 1.0470993121001309
21.933809413538945 1.067570305221132
19.25925081044097 1.0882460082733434
17.464292002791264 1.109128468356077
15.469061667633277 1.1302197530396376
15.456506068133226 1.151521950570034
15.492642742182882 1.1730371700757343
15.461719635402456 1.1947675417764916
15.412772308470718 1.2167152171942566
15.407027365661529 1.2388823693661992
15.091590455447424 1.2612711930598612
14.356304947486047 1.2838839049904598
12.292119248941692 1.3067227440403644
13.800579935592426 1.329789971480768
16.785805257071853 1.3530878711955756
22.413382106603315 1.3766187499075313
31.200257539200205 1.4003849374066066
41.67265230321566 1.4243887867806726
53.37256435273373 1.4486326746484792
65.70613050883584 1.473119001394964
77.64510675323812 1.4978501914089137
88.79417853408385 1.5228286933230029
100.39412200976864 1.548056980256233
110.28180533552171 1.5735375500587954
120.65051193560416 1.5992729255593834
133.42127741421012 1.6252656548149773
146.5415836796867 1.651518311363127
158.46554204440204 1.6780334944767583
168.9738440457366 1.7048138294215258
179.52937796345577 1.731861967715741
188.34017452963334 1.7591805873928983
195.2522482646358 1.7867723932668274
204.62376385835424 1.8146401171994957
214.10593922929348 1.8427865183714907
225.10509865871424 1.8712143835552055
237.1054451830647 1.8999265273907575
251.22200357645147 1.928925792664665
270.2760080057497 1.9582150505913116
291.62387834024975 1.9877972010972247
315.7775624600529 2.0176751731081968
339.27837169290433 2.0478519248392786
364.4891200460937 2.0783304440876713
388.9648933464585 2.109113748528548
412.86806448345845 2.140204886013833
437.8096055984773 2.1716069348739717
463.2148672423511 2.203323004222711
489.8227302491411 2.2353562342649385
515.3102220306981 2.267709796607588
541.5593771902134 2.3003868945736636
567.9481792674497 2.3333907635194002
593.941711934853 2.366724671154594
619.9521956795251 2.40039191786614
644.9949470205698 2.4343958370448013
673.2973963441358 2.4687397954152495
699.7732198177039 2.503427193369402
719.662641111854 2.5384614653030964
734.6830539299492 2.573846079956127
752.0859162820764 2.6095845407556886
769.4007572364686 2.6456803861632454
786.262447612634 2.682137190024878
801.6754513514006 2.7189585619251266
818.0768873161346 2.756148147544378
833.486692205215 2.793709629019822
841.0528549456654 2.83164672531002
854.5079040485995 2.8699631925631204
863.7633295500083 2.9086628244887516
870.7497521017507 2.947749452733639
884.1507492630539 2.987226947260975
893.2584436872193 3.027099216733585
907.500557402922 3.067370208900921
917.680854791067 3.10804391098993
929.3074987141517 3.149124350099829
941.8551315390102 3.1906155936008274
955.0023046102475 3.2325217495368355
957.5339601371537 3.274846967032204
966.9713914159604 3.317595436702526
970.8127930563663 3.360771391069551
975.2871639416652 3.4043791049802468
973.0284088110873 3.448422896030049
973.9065934461722 3.49290712499035
979.2671482231949 3.5378361962402534
975.6171835726495 3.583214558202656
965.5998663484336 3.6290467037846827
950.4624565195536 3.6753371708225298
933.2573234826908 3.722090542530755
915.3314777652573 3.7693114479560625
893.1626980091697 3.8170045624356232
861.3447422104443 3.8651746080599794
839.2543580423744 3.9138263541405793
817.6775350931924 3.962964617681985
795.6826135022038 4.012594263858805
778.0041908171728 4.062720206497393
762.7990716081274 4.113347408562367
750.3736693122216 4.16448088264799
741.6316692948541 4.2161256914744705
733.7979643392036 4.268286948389215
731.5205911329774 4.320969817873107
731.1620897044951 4.3741795160518375
734.2021831311836 4.427921311212356
738.82872289819 4.48220052432448
746.0809085532463 4.537022529567724
755.2385819225427 4.592392754863401
764.3477337970131 4.648316682412036
776.1753991270924 4.7047998492361565
788.6547670198382 4.761847847728518
796.4084260539762 4.819466326205803
797.6072440791912 4.877660989467861
786.7123990914309 4.93643759936254
796.2776968635711 4.995801975356165
794.3990343585306 5.055759995109726
780.8704810853834 5.116317595060823
766.698592402908 5.177480771011432
749.4997212180115 5.239255578721546
735.5771337342169 5.301648134508762
717.9017107522259 5.364664615853849
709.3627105929795 5.428311262012388
708.0206760681662 5.492594374632511
713.3737362863174 5.557520318378836
733.7447565480119 5.623095521562624
768.8718579383129 5.689326476778251
815.7098240765756 5.756219741546033
880.6513528561751 5.823781938961494
954.6783679708698 5.8920197583511085
1034.3259599786622 5.960939955934619
