P(z) z
3402.5089581510924 0.01
3244.248359916066 0.0201
3253.6641848430704 0.030301
3262.2756607830697 0.04060401
3265.3838988081307 0.0510100501
3127.0993837433243 0.061520150601
3110.1781968229698 0.07213535210701
3006.982937913705 0.0828567056280801
2956.3231369406703 0.0936852726843609
3074.6686550982195 0.10462212541120451
3070.9559989507898 0.11566834666531656
3059.9494431934304 0.12682503013196972
2984.438724306588 0.13809328043328942
2848.2868126636445 0.1494742132376223
2873.8039049312297 0.16096895536999853
2895.130810473533 0.1725786449236985
2898.100293362344 0.1843044313729355
2916.9153563199475 0.19614747568666485
3000.598838062326 0.2081089504435315
3047.6548420289596 0.22019003994796682
2985.6264681809985 0.23239194034744648
2887.324634371967 0.24471585975092094
2957.9162123707524 0.25716301834843014
2910.3643167528726 0.2697346485319144
2818.3747545236824 0.2824319950172336
2840.9758205486805 0.29525631496740595
2984.919284545972 0.30820887811708003
2961.3158177826936 0.3212909668982508
2902.7389516580893 0.33450387656723335
2864.419898590396 0.3478489153329057
2868.405540354536 0.36132740448623474
2794.571958583034 0.3749406785310971
2743.6646918055276 0.38869008531640803
2695.747591305367 0.4025769861695721
2648.860402846432 0.41660275603126784
2562.2673592781293 0.4307687835915805
2515.6239752031875 0.4450764714274963
2512.5537108627564 0.45952723614177127
2476.32757181141 0.474122508503189
2441.6584393051794 0.4888637335882209
2371.2912825904796 0.5037523709241031
2305.010045532937 0.5187898946333441
2232.554363184342 0.5339777935796776
2164.439816591802 0.5493175715154743
2114.1897514925877 0.5648107472306291
2077.5962728893182 0.5804588547029353
2010.3620806212305 0.5962634432499647
1936.2260899565772 0.6122260776824644
1850.330726182965 0.6283483384592891
1760.404338737636 0.6446318218438819
1663.3402602974925 0.6610781400623207
1559.9248924157946 0.6776889214629439
1477.9665379051262 0.6944658106775733
1417.4373041730857 0.711410468784349
1356.7357699565732 0.7285245734721925
1306.056110838797 0.7458098192069144
1241.25236588889 0.7632679173989835
1162.727007121002 0.7809005965729733
1040.0827673999472 0.798709602538703
954.3201794499357 0.8166966985640901
854.8149475179705 0.834863665549731
771.9669183027605 0.8532123022052284
662.0363229349812 0.8717444252272807
613.8916497922565 0.8904618694795535
571.9469322068464 0.9093664881743491
527.2041803206884 0.9284601530560925
477.4497041451292 0.9477447545866534
410.30811219277 0.96722220213252
339.57892335978386 0.9868944241538452
269.2302563339127 1.0067633683953836
213.8171714232017 1.0268310020793374
185.84491392068296 1.0470993121001309
157.19143723288514 1.067570305221132
132.50988144465657 1.0882460082733434
115.03675960914236 1.109128468356077
103.4241064609822 1.1302197530396376
90.96116768715365 1.151521950570034
78.68538111125338 1.1730371700757343
68.75679389913951 1.1947675417764916
60.68203215000473 1.2167152171942566
53.4822367604378 1.2388823693661992
42.85818591430857 1.2612711930598612
32.27463837141363 1.2838839049904598
27.68344076522774 1.3067227440403644
27.517679567118442 1.329789971480768
31.89362974517511 1.3530878711955756
43.71032589314757 1.3766187499075313
66.22367126106083 1.4003849374066066
84.26734785908047 1.4243887867806726
88.37522865466869 1.4486326746484792
88.15091318616051 1.473119001394964
85.94629475613388 1.4978501914089137
94.64073387449093 1.5228286933230029
109.60317530257186 1.548056980256233
130.85726011396594 1.5735375500587954
163.64909194198023 1.5992729255593834
201.46066254229447 1.6252656548149773
226.0729567177661 1.651518311363127
234.06065606812228 1.6780334944767583
234.5939556558768 1.7048138294215258
247.89446884090893 1.731861967715741
268.5301342754408 1.7591805873928983
298.67161370847924 1.7867723932668274
336.40781003586653 1.8146401171994957
386.819059442388 1.8427865183714907
435.4254068046161 1.8712143835552055
467.22181161010263 1.8999265273907575
504.82547560812327 1.928925792664665
556.5446441941989 1.9582150505913116
620.9974458290365 1.9877972010972247
699.4346230549348 2.0176751731081968
779.1022137984214 2.0478519248392786
860.524818475892 2.0783304440876713
934.0266126852536 2.109113748528548
990.1880611402977 2.140204886013833
1058.8541062958313 2.1716069348739717
1148.6950846412783 2.203323004222711
1254.0340384501385 2.2353562342649385
1395.3998624352125 2.267709796607588
1518.9982673894162 2.3003868945736636
1648.985948683334 2.3333907635194002
1765.3670563528522 2.366724671154594
1870.3901151597283 2.40039191786614
1975.1012196095635 2.4343958370448013
2095.8223256178844 2.4687397954152495
2222.5342967740075 2.503427193369402
2337.2551270952904 2.5384614653030964
2448.3980576987046 2.573846079956127
2561.1027968500175 2.6095845407556886
2664.4110254937855 2.6456803861632454
2750.973070983688 2.682137190024878
2833.715124395035 2.7189585619251266
2924.812409685763 2.756148147544378
3026.2463643835813 2.793709629019822
3121.2624691241267 2.83164672531002
3205.69249850071 2.8699631925631204
3279.6273001405625 2.9086628244887516
3368.629747218146 2.947749452733639
3456.7810190381356 2.987226947260975
3537.5682267420007 3.027099216733585
3613.513343252203 3.067370208900921
3683.7417692376926 3.10804391098993
3739.735020218059 3.149124350099829
3812.0767772075415 3.1906155936008274
3886.8679471530522 3.2325217495368355
3937.2616714779783 3.274846967032204
3981.6754659670155 3.317595436702526
4008.639160760468 3.360771391069551
4045.776609143524 3.4043791049802468
4061.011554343654 3.448422896030049
4072.8479985007734 3.49290712499035
4082.066687150785 3.5378361962402534
4083.003699205468 3.583214558202656
4087.5280934495277 3.6290467037846827
4078.9265248964957 3.6753371708225298
4061.940649432966 3.722090542530755
4039.283107280295 3.7693114479560625
4019.5863714229467 3.8170045624356232
3976.641772142248 3.8651746080599794
3901.7912344161073 3.9138263541405793
3817.996762928344 3.962964617681985
3762.0983496759495 4.012594263858805
3662.8799472291944 4.062720206497393
3594.1505351769547 4.113347408562367
3524.1600102490056 4.16448088264799
3543.050274938661 4.2161256914744705
3526.600257166206 4.268286948389215
3487.8681190750513 4.320969817873107
3470.8654514238583 4.3741795160518375
3486.563175183011 4.427921311212356
3541.5738403669275 4.48220052432448
3596.159694507757 4.537022529567724
3625.4612720369796 4.592392754863401
3680.8800796381565 4.648316682412036
3798.434844793324 4.7047998492361565
3962.4977189079614 4.761847847728518
4098.079421952681 4.819466326205803
4233.8356129432605 4.877660989467861
4379.339738073722 4.93643759936254
4446.504912747429 4.995801975356165
4481.982841515652 5.055759995109726
4538.16213324882 5.116317595060823
4722.889290912154 5.177480771011432
4907.939363009278 5.239255578721546
4959.0262835353615 5.301648134508762
5036.050776286558 5.364664615853849
5181.287836222155 5.428311262012388
5297.438408189785 5.492594374632511
5342.850333091377 5.557520318378836
5443.16034333841 5.623095521562624
5619.866505281002 5.689326476778251
5814.854159092285 5.756219741546033
5940.8127223562 5.823781938961494
6060.292944626838 5.8920197583511085
6107.59446272802 5.960939955934619
