P(z) z
4050.041581623613 0.01
4019.976632372976 0.0201
4060.305107211437 0.030301
4072.760390270036 0.04060401
4075.094989219564 0.0510100501
4035.496394226833 0.061520150601
4047.74843761682 0.07213535210701
3905.886937287457 0.0828567056280801
3786.920868454403 0.0936852726843609
3796.071806185812 0.10462212541120451
3765.987238877233 0.11566834666531656
3744.056188788332 0.12682503013196972
3674.875879161093 0.13809328043328942
3607.390491098588 0.1494742132376223
3684.411894242058 0.16096895536999853
3701.611440696341 0.1725786449236985
3661.282516150661 0.1843044313729355
3633.280741276066 0.19614747568666485
3716.269343507859 0.2081089504435315
3737.881147792058 0.22019003994796682
3708.860470743123 0.23239194034744648
3683.997307810364 0.24471585975092094
3740.999047194702 0.25716301834843014
3689.968410489243 0.2697346485319144
3547.095512427401 0.2824319950172336
3489.883911412227 0.29525631496740595
3523.975651372395 0.30820887811708003
3446.214573694311 0.3212909668982508
3424.118653283466 0.33450387656723335
3400.738762923124 0.3478489153329057
3372.569818622572 0.36132740448623474
3323.492849176432 0.3749406785310971
3274.420843670331 0.38869008531640803
3220.256119799995 0.4025769861695721
3145.287460781855 0.41660275603126784
3054.940761242403 0.4307687835915805
2962.062110565415 0.4450764714274963
2883.63292463671 0.45952723614177127
2787.645561219636 0.474122508503189
2704.773487312894 0.4888637335882209
2614.317842560687 0.5037523709241031
2518.891396164716 0.5187898946333441
2400.849252458966 0.5339777935796776
2275.374777182371 0.5493175715154743
2160.164217932455 0.5648107472306291
2055.041345931259 0.5804588547029353
1937.155545063668 0.5962634432499647
1836.158800092255 0.6122260776824644
1739.536670085143 0.6283483384592891
1641.069317812029 0.6446318218438819
1549.623531140517 0.6610781400623207
1435.66938905777 0.6776889214629439
1312.841003591391 0.6944658106775733
1208.321098013368 0.711410468784349
1115.003739490691 0.7285245734721925
1035.149211620878 0.7458098192069144
950.8755296952087 0.7632679173989835
866.4632651829656 0.7809005965729733
774.7965624208115 0.798709602538703
675.0940058790134 0.8166966985640901
572.8248657103518 0.834863665549731
491.2468927971312 0.8532123022052284
418.5280468703016 0.8717444252272807
382.6581750923829 0.8904618694795535
325.652771052023 0.9093664881743491
264.9242165841991 0.9284601530560925
221.0114334268479 0.9477447545866534
175.620634597999 0.96722220213252
138.0129940577087 0.9868944241538452
105.5154574076196 1.0067633683953836
93.98492834790399 1.0268310020793374
105.568588495437 1.0470993121001309
110.0944495397621 1.067570305221132
115.4114091034894 1.0882460082733434
120.1420025501053 1.109128468356077
110.3141236188911 1.1302197530396376
91.84753009083252 1.151521950570034
63.0579581834568 1.1730371700757343
39.32493386326852 1.1947675417764916
28.40375737993941 1.2167152171942566
27.38814924421024 1.2388823693661992
30.8861145781697 1.2612711930598612
50.35563090856109 1.2838839049904598
84.82382866038768 1.3067227440403644
110.4357374325287 1.329789971480768
119.2677769949208 1.3530878711955756
120.9051469149394 1.3766187499075313
134.7629277082455 1.4003849374066066
162.7187651312696 1.4243887867806726
187.2174296119285 1.4486326746484792
214.6886655485528 1.473119001394964
245.0910246495502 1.4978501914089137
297.6942031674421 1.5228286933230029
344.016530129308 1.548056980256233
392.6626393888059 1.5735375500587954
468.0072472271551 1.5992729255593834
561.0208725211661 1.6252656548149773
640.5714116784814 1.651518311363127
701.8848223041958 1.6780334944767583
754.5884113777828 1.7048138294215258
828.7940692800956 1.731861967715741
905.9218132599013 1.7591805873928983
997.339109476879 1.7867723932668274
1097.598758463575 1.8146401171994957
1209.85805931942 1.8427865183714907
1317.007140276008 1.8712143835552055
1399.467322435545 1.8999265273907575
1490.331635792116 1.928925792664665
1599.260507662566 1.9582150505913116
1728.562240928023 1.9877972010972247
1875.130298859225 2.0176751731081968
2023.399698935509 2.0478519248392786
2165.287521907042 2.0783304440876713
2297.566459312072 2.109113748528548
2400.701873763198 2.140204886013833
2514.593933511395 2.1716069348739717
2650.622416343592 2.203323004222711
2783.624869135065 2.2353562342649385
2879.762244944984 2.267709796607588
3042.324654726968 2.3003868945736636
3207.058239513089 2.3333907635194002
3346.383044650078 2.366724671154594
3468.416321438204 2.40039191786614
3584.561858470172 2.4343958370448013
3712.423434625416 2.4687397954152495
3844.186712930262 2.503427193369402
3968.661468865807 2.5384614653030964
4087.847634316828 2.573846079956127
4198.187069525681 2.6095845407556886
4289.294549969946 2.6456803861632454
4364.530781299192 2.682137190024878
4434.126169530799 2.7189585619251266
4505.722873795451 2.756148147544378
4597.148602557968 2.793709629019822
4688.98497311362 2.83164672531002
4763.612690320356 2.8699631925631204
4820.045545437985 2.9086628244887516
4877.881232955332 2.947749452733639
4930.532989675104 2.987226947260975
4980.87650174869 3.027099216733585
5028.118863717468 3.067370208900921
5066.105379840621 3.10804391098993
5087.620023794498 3.149124350099829
5124.15824907052 3.1906155936008274
5173.131828914667 3.2325217495368355
5178.26084950398 3.274846967032204
5171.802770736825 3.317595436702526
5144.364227593838 3.360771391069551
5126.265238001433 3.4043791049802468
5075.236135974181 3.448422896030049
5043.552244606878 3.49290712499035
5019.797630368658 3.5378361962402534
4987.460997654166 3.583214558202656
4973.654611009457 3.6290467037846827
4941.020039234626 3.6753371708225298
4884.200021133096 3.722090542530755
4821.247197223886 3.7693114479560625
4758.57066335615 3.8170045624356232
4687.833111571204 3.8651746080599794
4606.137606603678 3.9138263541405793
4534.097932782668 3.962964617681985
4540.051236908488 4.012594263858805
4516.245357124456 4.062720206497393
4529.898958853507 4.113347408562367
4499.887140161531 4.16448088264799
4518.217349328366 4.2161256914744705
4501.651587778551 4.268286948389215
4485.239226123685 4.320969817873107
4481.445495253379 4.3741795160518375
4518.681081466822 4.427921311212356
4609.25892927355 4.48220052432448
4635.729538784167 4.537022529567724
4617.458244002009 4.592392754863401
4648.087822495502 4.648316682412036
4776.776604523527 4.7047998492361565
4978.284724828663 4.761847847728518
5175.260038431141 4.819466326205803
5431.85085937291 4.877660989467861
5693.100840824363 4.93643759936254
5741.061332656464 4.995801975356165
5750.20604170263 5.055759995109726
5839.2096929586 5.116317595060823
6164.952126706875 5.177480771011432
6451.962210319747 5.239255578721546
6603.291059544285 5.301648134508762
6835.217730369205 5.364664615853849
7213.351783603262 5.428311262012388
7529.929195875354 5.492594374632511
7744.966074783976 5.557520318378836
8097.504733499476 5.623095521562624
8614.011643164695 5.689326476778251
9149.287759941672 5.756219741546033
9529.224991521141 5.823781938961494
9877.123598936942 5.8920197583511085
9999.216828153832 5.960939955934619
