P(z) z
2431.565416490167 0.01
2371.0917844566284 0.0201
2374.0593744411335 0.030301
2376.273313226534 0.04060401
2386.66689873622 0.0510100501
2357.0357379504235 0.061520150601
2389.5174854470492 0.07213535210701
2360.0076817109393 0.0828567056280801
2368.4813207364396 0.0936852726843609
2513.7847085883595 0.10462212541120451
2534.114426078858 0.11566834666531656
2548.1101001512275 0.12682503013196972
2520.710090174094 0.13809328043328942
2425.907673093367 0.1494742132376223
2414.807718748762 0.16096895536999853
2426.910709824559 0.1725786449236985
2429.4159961620553 0.1843044313729355
2429.2566198355967 0.19614747568666485
2413.0188438871783 0.2081089504435315
2432.76140151723 0.22019003994796682
2433.195270166698 0.23239194034744648
2419.1234587307554 0.24471585975092094
2443.517285634961 0.25716301834843014
2453.951962486032 0.2697346485319144
2470.0371389059696 0.2824319950172336
2481.9970372077587 0.29525631496740595
2458.5140700347374 0.30820887811708003
2439.3013593263695 0.3212909668982508
2398.9948318997376 0.33450387656723335
2381.1599599599076 0.3478489153329057
2406.053156001714 0.36132740448623474
2403.324677604649 0.3749406785310971
2374.016435765927 0.38869008531640803
2371.6846302664644 0.4025769861695721
2379.5088968834366 0.41660275603126784
2364.706649428471 0.4307687835915805
2386.7353435531195 0.4450764714274963
2405.8755864413065 0.45952723614177127
2392.779926187803 0.474122508503189
2445.0980264058435 0.4888637335882209
2437.486748767224 0.5037523709241031
2438.0894356789076 0.5187898946333441
2437.520177488534 0.5339777935796776
2421.4260550547438 0.5493175715154743
2407.288134583654 0.5648107472306291
2410.5642672384424 0.5804588547029353
2413.8293277842413 0.5962634432499647
2415.614668887551 0.6122260776824644
2407.492791837178 0.6283483384592891
2415.216620207763 0.6446318218438819
2410.298769940507 0.6610781400623207
2379.593316484238 0.6776889214629439
2367.264034309834 0.6944658106775733
2379.2590066408734 0.711410468784349
2366.884615926361 0.7285245734721925
2355.4140435702147 0.7458098192069144
2306.1215258124985 0.7632679173989835
2270.0015360633206 0.7809005965729733
2202.9805588882123 0.798709602538703
2169.175689323603 0.8166966985640901
2110.5666305599516 0.834863665549731
2074.097201543014 0.8532123022052284
2052.583734879718 0.8717444252272807
2056.6043593739014 0.8904618694795535
2039.5424147707606 0.9093664881743491
2041.1043881800795 0.9284601530560925
2013.7592970568696 0.9477447545866534
1939.7672005749357 0.96722220213252
1860.1386159296146 0.9868944241538452
1787.488606698412 1.0067633683953836
1727.9534757431225 1.0268310020793374
1679.6262587349845 1.0470993121001309
1609.3107382817009 1.067570305221132
1529.4658728383001 1.0882460082733434
1447.1026974587649 1.109128468356077
1360.9761932439053 1.1302197530396376
1276.4576930215676 1.151521950570034
1198.0446591460118 1.1730371700757343
1124.8327769957468 1.1947675417764916
1057.2910994672986 1.2167152171942566
997.3974169980713 1.2388823693661992
935.960731748163 1.2612711930598612
875.8801867993301 1.2838839049904598
812.992772198684 1.3067227440403644
754.7006207077359 1.329789971480768
688.5937126262545 1.3530878711955756
631.6422268492507 1.3766187499075313
580.9229603331835 1.4003849374066066
532.7831173265787 1.4243887867806726
497.49068245347763 1.4486326746484792
456.56431856709753 1.473119001394964
421.68727896089604 1.4978501914089137
391.44631796633524 1.5228286933230029
364.82975355254723 1.548056980256233
342.08639846005883 1.5735375500587954
327.22486098539224 1.5992729255593834
312.18992217380026 1.6252656548149773
299.61002935621116 1.651518311363127
288.5654195046513 1.6780334944767583
277.3989262835274 1.7048138294215258
266.5439341875863 1.731861967715741
257.63780987136295 1.7591805873928983
249.40299699843166 1.7867723932668274
242.32837906263777 1.8146401171994957
237.31573005245258 1.8427865183714907
232.5729642867314 1.8712143835552055
228.67610853552432 1.8999265273907575
225.50346823405008 1.928925792664665
223.1980952143415 1.9582150505913116
224.16151974192422 1.9877972010972247
227.9607220411182 2.0176751731081968
233.03553220942476 2.0478519248392786
238.96040525841798 2.0783304440876713
243.80915615731013 2.109113748528548
248.04862557019135 2.140204886013833
253.0769129756852 2.1716069348739717
260.71746242306784 2.203323004222711
271.7754123775105 2.2353562342649385
290.40174625538776 2.267709796607588
314.1949894281036 2.3003868945736636
343.40096423056383 2.3333907635194002
369.79095795123544 2.366724671154594
393.0799431679183 2.40039191786614
416.15641234106636 2.4343958370448013
450.69070788485345 2.4687397954152495
490.26388809475475 2.503427193369402
523.5681853237857 2.5384614653030964
560.002664102203 2.573846079956127
608.6442855961739 2.6095845407556886
657.7235439872064 2.6456803861632454
712.7774337851944 2.682137190024878
776.1062574416253 2.7189585619251266
853.1617996578954 2.756148147544378
942.264332274906 2.793709629019822
1033.4071724241612 2.83164672531002
1101.0710791340357 2.8699631925631204
1169.6793584691484 2.9086628244887516
1245.8759086616783 2.947749452733639
1331.5610652831003 2.987226947260975
1416.6102863811013 3.027099216733585
1505.7121918281791 3.067370208900921
1602.1846739109299 3.10804391098993
1698.2520375148645 3.149124350099829
1814.5147084837129 3.1906155936008274
1906.5674090397642 3.2325217495368355
1997.2028324045482 3.274846967032204
2095.7887196338975 3.317595436702526
2185.5214863455453 3.360771391069551
2273.9953025351856 3.4043791049802468
2370.625991077192 3.448422896030049
2461.950029604814 3.49290712499035
2542.2184424672882 3.5378361962402534
2614.4426759825524 3.583214558202656
2696.3262578953354 3.6290467037846827
2777.9130727402576 3.6753371708225298
2841.850407636591 3.722090542530755
2898.5000103111142 3.7693114479560625
2948.6853552195716 3.8170045624356232
3018.07024284801 3.8651746080599794
3070.4594398221066 3.9138263541405793
3114.6642965354604 3.962964617681985
3163.726867296215 4.012594263858805
3222.74599339112 4.062720206497393
3288.054938605956 4.113347408562367
3335.318374271179 4.16448088264799
3384.3878327240996 4.2161256914744705
3438.886513762288 4.268286948389215
3484.807022952316 4.320969817873107
3531.2914493283533 4.3741795160518375
3583.988150211069 4.427921311212356
3667.573414269748 4.48220052432448
3754.832678824542 4.537022529567724
3826.545973807186 4.592392754863401
3899.178190574985 4.648316682412036
4002.2298882934365 4.7047998492361565
4121.624749198665 4.761847847728518
4208.234600685286 4.819466326205803
4295.227392086961 4.877660989467861
4355.456991914981 4.93643759936254
4385.081791608404 4.995801975356165
4398.666197394199 5.055759995109726
4389.240267705548 5.116317595060823
4422.625183834057 5.177480771011432
4464.9011415309915 5.239255578721546
4437.2182348404585 5.301648134508762
4399.417451835506 5.364664615853849
4374.884098842558 5.428311262012388
4361.429961488445 5.492594374632511
4348.877263945697 5.557520318378836
4347.747160785635 5.623095521562624
4359.550850654786 5.689326476778251
4374.696084570283 5.756219741546033
4392.281994879857 5.823781938961494
4403.934180343631 5.8920197583511085
4402.983752880078 5.960939955934619
