P(z) z
5136.3073271064895 0.01
5158.686490395602 0.0201
5181.518283188785 0.030301
5169.778403012988 0.04060401
5148.9610598327 0.0510100501
5145.266700572696 0.061520150601
5123.688928111079 0.07213535210701
5086.755208722202 0.0828567056280801
5032.297160131969 0.0936852726843609
4937.785547129893 0.10462212541120451
4871.163716515454 0.11566834666531656
4819.322585787476 0.12682503013196972
4755.635866893177 0.13809328043328942
4725.613126799231 0.1494742132376223
4715.535524644765 0.16096895536999853
4662.795184666419 0.1725786449236985
4588.199541007913 0.1843044313729355
4502.192506353106 0.19614747568666485
4462.0462901221235 0.2081089504435315
4393.528831582696 0.22019003994796682
4337.517731400587 0.23239194034744648
4276.875738858957 0.24471585975092094
4217.440590486697 0.25716301834843014
4146.184434252618 0.2697346485319144
4061.521175989632 0.2824319950172336
3952.357979819803 0.29525631496740595
3862.9671701694156 0.30820887811708003
3760.4697436796373 0.3212909668982508
3662.3803904153233 0.33450387656723335
3552.534625522896 0.3478489153329057
3441.47986341316 0.36132740448623474
3331.61464069871 0.3749406785310971
3223.9197390828344 0.38869008531640803
3125.027326786944 0.4025769861695721
3021.049417194012 0.41660275603126784
2908.4018123326377 0.4307687835915805
2793.72752513707 0.4450764714274963
2675.3989185277355 0.45952723614177127
2540.874039152673 0.474122508503189
2396.8054273161533 0.4888637335882209
2259.6043615166045 0.5037523709241031
2131.7392510444583 0.5187898946333441
1989.6318598702298 0.5339777935796776
1852.3743781287267 0.5493175715154743
1734.1433870321382 0.5648107472306291
1640.360025998559 0.5804588547029353
1542.1535602497443 0.5962634432499647
1443.0396621862224 0.6122260776824644
1335.5840079660254 0.6283483384592891
1231.8441922186132 0.6446318218438819
1140.1835470263559 0.6610781400623207
1015.9871248609971 0.6776889214629439
879.1692635354619 0.6944658106775733
751.8395075372031 0.711410468784349
660.8675059963766 0.7285245734721925
579.9707533226135 0.7458098192069144
508.29516881553235 0.7632679173989835
422.1786508575073 0.7809005965729733
362.76969176195394 0.798709602538703
279.40493806261804 0.8166966985640901
206.2954755612972 0.834863665549731
163.07853223444576 0.8532123022052284
161.8869994371417 0.8717444252272807
166.61401798558563 0.8904618694795535
140.01293501199814 0.9093664881743491
113.45171628042401 0.9284601530560925
98.84324481291452 0.9477447545866534
92.65690097234696 0.96722220213252
74.35754365050607 0.9868944241538452
59.38886148400066 1.0067633683953836
53.6841144535523 1.0268310020793374
59.6269931115871 1.0470993121001309
57.4805150028764 1.067570305221132
55.31847767586582 1.0882460082733434
61.26157947054744 1.109128468356077
73.91535496783334 1.1302197530396376
91.58565736037717 1.151521950570034
109.25039674646744 1.1730371700757343
133.44037160541836 1.1947675417764916
156.05679929508244 1.2167152171942566
181.86669053609367 1.2388823693661992
212.05631815542222 1.2612711930598612
249.6264727528136 1.2838839049904598
315.0192044634741 1.3067227440403644
401.4995149785723 1.329789971480768
486.76419157334834 1.3530878711955756
569.1233494829306 1.3766187499075313
668.4818293329447 1.4003849374066066
792.9685027753322 1.4243887867806726
895.7894334690036 1.4486326746484792
1004.7416945553983 1.473119001394964
1114.4071970186355 1.4978501914089137
1249.6563484842357 1.5228286933230029
1361.9877441603962 1.548056980256233
1473.1656265067586 1.5735375500587954
1621.2820401458248 1.5992729255593834
1791.0097545509796 1.6252656548149773
1922.1833609185162 1.651518311363127
2019.3018975836985 1.6780334944767583
2098.9150521680212 1.7048138294215258
2198.9121261367754 1.731861967715741
2302.1203029584713 1.7591805873928983
2427.7205860335052 1.7867723932668274
2556.9909029723226 1.8146401171994957
2686.9607897627 1.8427865183714907
2809.5194776151206 1.8712143835552055
2897.9797840372166 1.8999265273907575
2995.0237773173785 1.928925792664665
3117.2149031149947 1.9582150505913116
3266.628492045995 1.9877972010972247
3435.287593347068 2.0176751731081968
3603.4911036012536 2.0478519248392786
3760.9428485769686 2.0783304440876713
3898.7287188716427 2.109113748528548
3999.017866734803 2.140204886013833
4107.552010017493 2.1716069348739717
4235.45835538947 2.203323004222711
4351.329503155853 2.2353562342649385
4354.573373638733 2.267709796607588
4505.043333668047 2.3003868945736636
4654.42198640503 2.3333907635194002
4766.388784422611 2.366724671154594
4859.147384152387 2.40039191786614
4945.659641335244 2.4343958370448013
5038.3341754779585 2.4687397954152495
5127.7143614773 2.503427193369402
5218.676102260273 2.5384614653030964
5310.469421438415 2.573846079956127
5377.451940893146 2.6095845407556886
5418.057938869969 2.6456803861632454
5449.016724932954 2.682137190024878
5462.467068525484 2.7189585619251266
5462.44781279228 2.756148147544378
5490.314112033299 2.793709629019822
5519.886184459879 2.83164672531002
5541.535122529275 2.8699631925631204
5543.130380750169 2.9086628244887516
5524.263932724928 2.947749452733639
5505.167870738476 2.987226947260975
5497.9484736143395 3.027099216733585
5491.225090624062 3.067370208900921
5457.122971595156 3.10804391098993
5400.588045171085 3.149124350099829
5332.600226395869 3.1906155936008274
5332.921033693378 3.2325217495368355
5248.292993477754 3.274846967032204
5146.476802392026 3.317595436702526
5029.120701537424 3.360771391069551
4928.742656934731 3.4043791049802468
4780.617488582996 3.448422896030049
4663.108873479132 3.49290712499035
4569.7397770152875 3.5378361962402534
4479.750868928121 3.583214558202656
4415.271520403709 3.6290467037846827
4353.511531205674 3.6753371708225298
4299.825782610511 3.722090542530755
4264.085562097465 3.7693114479560625
4261.531418278106 3.8170045624356232
4252.89319579682 3.8651746080599794
4238.318782915094 3.9138263541405793
4221.883608868209 3.962964617681985
4237.293806028317 4.012594263858805
4221.592790400253 4.062720206497393
4229.822840119712 4.113347408562367
4208.843232451498 4.16448088264799
4236.7821967154105 4.2161256914744705
4240.382297626737 4.268286948389215
4201.409125056374 4.320969817873107
4167.732424826777 4.3741795160518375
4185.66519087021 4.427921311212356
4258.581860840682 4.48220052432448
4249.247781606626 4.537022529567724
4198.863343064121 4.592392754863401
4219.785722579336 4.648316682412036
4346.111241596393 4.7047998492361565
4546.336407144195 4.761847847728518
4784.966399850565 4.819466326205803
5135.062262768942 4.877660989467861
5531.721946098668 4.93643759936254
5645.86554877055 4.995801975356165
5699.264263138826 5.055759995109726
5881.189402676065 5.116317595060823
6367.255061845167 5.177480771011432
6686.894005776947 5.239255578721546
6841.595040589718 5.301648134508762
7115.626800888303 5.364664615853849
7607.898571104067 5.428311262012388
8021.880440725485 5.492594374632511
8298.85140973375 5.557520318378836
8790.011406819707 5.623095521562624
9563.928034089096 5.689326476778251
10370.54181026491 5.756219741546033
10934.218851571251 5.823781938961494
11435.478610901779 5.8920197583511085
11644.807074655157 5.960939955934619
