P(z) z
3081.1767712611913 0.01
3026.667220499702 0.0201
3037.4274913959825 0.030301
3050.710099515395 0.04060401
3060.046866365899 0.0510100501
2874.0251865496166 0.061520150601
2827.517890277141 0.07213535210701
2734.2842462085996 0.0828567056280801
2681.5626870096 0.0936852726843609
2977.1946895833566 0.10462212541120451
2986.145768842616 0.11566834666531656
2982.9417220410396 0.12682503013196972
2920.871203220316 0.13809328043328942
2674.2951956513025 0.1494742132376223
2658.747598237103 0.16096895536999853
2700.0462380923636 0.1725786449236985
2714.920997327128 0.1843044313729355
2704.692420795463 0.19614747568666485
2726.176429651357 0.2081089504435315
2794.8343182863587 0.22019003994796682
2749.9744115105414 0.23239194034744648
2666.9437087657334 0.24471585975092094
2750.467791880709 0.25716301834843014
2715.9137291735196 0.2697346485319144
2658.1744463964283 0.2824319950172336
2720.513223529502 0.29525631496740595
2871.178570131268 0.30820887811708003
2856.193669691338 0.3212909668982508
2763.6088163209397 0.33450387656723335
2745.2786611875736 0.3478489153329057
2835.977643500773 0.36132740448623474
2843.59651589226 0.3749406785310971
2801.300050410522 0.38869008531640803
2756.356624127333 0.4025769861695721
2727.750949772273 0.41660275603126784
2624.0159467290423 0.4307687835915805
2617.2506565650533 0.4450764714274963
2678.597173927107 0.45952723614177127
2682.8910364043336 0.474122508503189
2790.3549398032037 0.4888637335882209
2743.6039507847927 0.5037523709241031
2699.0698983526418 0.5187898946333441
2670.3174418891304 0.5339777935796776
2617.437036185836 0.5493175715154743
2566.237809293602 0.5648107472306291
2546.314311886111 0.5804588547029353
2508.2251345486384 0.5962634432499647
2461.683483402913 0.6122260776824644
2400.6813446860347 0.6283483384592891
2351.2590521144084 0.6446318218438819
2295.0347675001117 0.6610781400623207
2209.1413759547377 0.6776889214629439
2137.3661209048455 0.6944658106775733
2090.3604843250587 0.711410468784349
2038.9475643304484 0.7285245734721925
1999.6580310350128 0.7458098192069144
1958.48956447102 0.7632679173989835
1919.103641418104 0.7809005965729733
1834.0235708206224 0.798709602538703
1759.1509602492547 0.8166966985640901
1655.3982834167039 0.834863665549731
1560.1280858456248 0.8532123022052284
1381.3544529013393 0.8717444252272807
1342.515789855083 0.8904618694795535
1328.6093596805065 0.9093664881743491
1337.7590544626655 0.9284601530560925
1312.3332822574837 0.9477447545866534
1228.7972531342452 0.96722220213252
1140.6449275164273 0.9868944241538452
1049.3344123750314 1.0067633683953836
958.8820570774925 1.0268310020793374
930.1210793087783 1.0470993121001309
890.2611186129311 1.067570305221132
828.1911650701762 1.0882460082733434
759.2572837491808 1.109128468356077
681.6239495635808 1.1302197530396376
615.6054526534166 1.151521950570034
543.7075812609684 1.1730371700757343
480.69130629262065 1.1947675417764916
447.23364215252985 1.2167152171942566
418.052845696095 1.2388823693661992
385.3694621456068 1.2612711930598612
349.02305667180246 1.2838839049904598
311.6646194497294 1.3067227440403644
272.9303618248714 1.329789971480768
229.08045540499467 1.3530878711955756
201.84950628375378 1.3766187499075313
180.5623874157898 1.4003849374066066
160.4578985991795 1.4243887867806726
144.72131282637022 1.4486326746484792
128.35247176460325 1.473119001394964
113.04879939810536 1.4978501914089137
99.42125089238925 1.5228286933230029
84.3409357402492 1.548056980256233
67.7028631596184 1.5735375500587954
57.24372452381052 1.5992729255593834
51.396168874017015 1.6252656548149773
47.011369734426474 1.651518311363127
40.591502196078444 1.6780334944767583
38.97471213536112 1.7048138294215258
44.29794997979826 1.731861967715741
48.9229990511318 1.7591805873928983
52.50416531808122 1.7867723932668274
63.71232806989812 1.8146401171994957
84.91950515197084 1.8427865183714907
104.47013302988785 1.8712143835552055
114.9408835090289 1.8999265273907575
123.92190265635793 1.928925792664665
141.82063264595658 1.9582150505913116
171.4775728826883 1.9877972010972247
213.52640644151467 2.0176751731081968
261.2713329841634 2.0478519248392786
312.4472608988108 2.0783304440876713
366.39521875465243 2.109113748528548
408.9862968504192 2.140204886013833
465.6289232241801 2.1716069348739717
534.4961620566082 2.203323004222711
611.4131603369896 2.2353562342649385
712.3099975129247 2.267709796607588
816.6818712631601 2.3003868945736636
929.6696182469838 2.3333907635194002
1032.4859030745279 2.366724671154594
1125.8698759332744 2.40039191786614
1220.4192752299755 2.4343958370448013
1330.597985699926 2.4687397954152495
1442.350495143833 2.503427193369402
1536.7182487590321 2.5384614653030964
1635.1033620899248 2.573846079956127
1738.2100483670697 2.6095845407556886
1836.145397100087 2.6456803861632454
1926.6642692029818 2.682137190024878
2013.346265711463 2.7189585619251266
2107.470148949542 2.756148147544378
2221.4460520887674 2.793709629019822
2332.31089407606 2.83164672531002
2427.8609908175463 2.8699631925631204
2516.4898621607317 2.9086628244887516
2640.561742075226 2.947749452733639
2766.7148464190054 2.987226947260975
2873.3695515332856 3.027099216733585
2974.412174682264 3.067370208900921
3083.8854397391624 3.10804391098993
3184.993985319357 3.149124350099829
3329.991677864538 3.1906155936008274
3435.20705005967 3.2325217495368355
3543.53230347407 3.274846967032204
3643.8398599273264 3.317595436702526
3724.701287056647 3.360771391069551
3813.3889976146384 3.4043791049802468
3913.7451933947436 3.448422896030049
3998.053699405083 3.49290712499035
4072.4031328067085 3.5378361962402534
4138.385418590494 3.583214558202656
4213.503493236144 3.6290467037846827
4283.731286265299 3.6753371708225298
4333.001457753426 3.722090542530755
4374.423709034311 3.7693114479560625
4413.351823845131 3.8170045624356232
4468.805739008453 3.8651746080599794
4484.607898500341 3.9138263541405793
4477.151206694733 3.962964617681985
4499.472756443003 4.012594263858805
4518.336709545625 4.062720206497393
4559.611331056564 4.113347408562367
4555.801468755547 4.16448088264799
4596.785863753854 4.2161256914744705
4626.723414220155 4.268286948389215
4624.013941179253 4.320969817873107
4630.828217406455 4.3741795160518375
4681.832010703734 4.427921311212356
4803.2069098751845 4.48220052432448
4917.769472927536 4.537022529567724
5008.145738470458 4.592392754863401
5142.782150723996 4.648316682412036
5359.025557562725 4.7047998492361565
5653.729899389357 4.761847847728518
5946.32812028765 4.819466326205803
6286.826749786119 4.877660989467861
6610.594871323328 4.93643759936254
6726.417500956304 4.995801975356165
6800.782101432215 5.055759995109726
6893.8389424278275 5.116317595060823
7162.289917848105 5.177480771011432
7445.25423392672 5.239255578721546
7589.776838913228 5.301648134508762
7762.299709122583 5.364664615853849
8011.905723304847 5.428311262012388
8267.133505641168 5.492594374632511
8489.110616864566 5.557520318378836
8769.67812060038 5.623095521562624
9139.047597842931 5.689326476778251
9493.421294086209 5.756219741546033
9781.149677864383 5.823781938961494
10046.331162445711 5.8920197583511085
10216.028485635848 5.960939955934619
