P(z) z
2999.573837819379 0.01
2947.432890606326 0.0201
2963.548536789732 0.030301
2967.980266232813 0.04060401
2962.914155602119 0.0510100501
2823.781160815374 0.061520150601
2775.632120391451 0.07213535210701
2690.309512223383 0.0828567056280801
2619.743539741963 0.0936852726843609
2707.299950825676 0.10462212541120451
2698.894843933328 0.11566834666531656
2686.249632004175 0.12682503013196972
2640.926416164048 0.13809328043328942
2535.000882985853 0.1494742132376223
2521.429749476834 0.16096895536999853
2531.315479163661 0.1725786449236985
2539.818536050378 0.1843044313729355
2540.001122189678 0.19614747568666485
2567.086783311697 0.2081089504435315
2589.401758580658 0.22019003994796682
2559.177587351103 0.23239194034744648
2519.626450898684 0.24471585975092094
2533.428290549808 0.25716301834843014
2488.729603096915 0.2697346485319144
2447.736659940431 0.2824319950172336
2441.709159427395 0.29525631496740595
2500.234520905606 0.30820887811708003
2494.727963468902 0.3212909668982508
2464.71265873636 0.33450387656723335
2453.402257827072 0.3478489153329057
2472.509898545191 0.36132740448623474
2456.885681352747 0.3749406785310971
2428.995286383269 0.38869008531640803
2395.45216043333 0.4025769861695721
2361.156055790585 0.41660275603126784
2296.587535989785 0.4307687835915805
2254.445009547831 0.4450764714274963
2226.252156082572 0.45952723614177127
2177.21289052457 0.474122508503189
2129.37377567947 0.4888637335882209
2061.100848598192 0.5037523709241031
1991.227420632901 0.5187898946333441
1914.854820014001 0.5339777935796776
1838.528583532914 0.5493175715154743
1770.168575707283 0.5648107472306291
1707.518019499909 0.5804588547029353
1635.729162237893 0.5962634432499647
1567.926577578653 0.6122260776824644
1496.576195353664 0.6283483384592891
1419.367892240793 0.6446318218438819
1340.775859801245 0.6610781400623207
1250.647334309959 0.6776889214629439
1163.077943174533 0.6944658106775733
1083.145971656693 0.711410468784349
1005.792196384853 0.7285245734721925
937.0510324164688 0.7458098192069144
874.5871743068898 0.7632679173989835
810.1132232531644 0.7809005965729733
747.5793640056576 0.798709602538703
671.6161416197825 0.8166966985640901
583.0194814832777 0.834863665549731
503.4683116085872 0.8532123022052284
431.3108133214839 0.8717444252272807
363.4760652683605 0.8904618694795535
302.4170101251351 0.9093664881743491
246.8165640269452 0.9284601530560925
197.0429552662956 0.9477447545866534
151.5979797883252 0.96722220213252
114.5629427569687 0.9868944241538452
86.06998084237622 1.0067633683953836
67.08068333788866 1.0268310020793374
61.36751306251875 1.0470993121001309
57.5203031509007 1.067570305221132
55.15759927252118 1.0882460082733434
51.393978812564 1.109128468356077
44.70083206159136 1.1302197530396376
41.48297307904925 1.151521950570034
42.60601247734928 1.1730371700757343
46.62287313717353 1.1947675417764916
53.39198081811762 1.2167152171942566
58.44233433038701 1.2388823693661992
61.19064869148444 1.2612711930598612
66.4012179231034 1.2838839049904598
72.90176643300394 1.3067227440403644
78.40433940820967 1.329789971480768
84.93766641294543 1.3530878711955756
91.22533555964814 1.3766187499075313
103.828395171453 1.4003849374066066
118.5124915179229 1.4243887867806726
133.1810184221873 1.4486326746484792
147.858167841881 1.473119001394964
164.2237721254218 1.4978501914089137
180.2847110843184 1.5228286933230029
193.7407603524016 1.548056980256233
210.0644809661701 1.5735375500587954
235.6140331544528 1.5992729255593834
265.1601580443818 1.6252656548149773
294.4254067499377 1.651518311363127
319.8452800503798 1.6780334944767583
344.7898848367379 1.7048138294215258
378.9971897080998 1.731861967715741
414.9431728958783 1.7591805873928983
456.7385225499643 1.7867723932668274
504.4116669986587 1.8146401171994957
556.092342267712 1.8427865183714907
609.4883107066398 1.8712143835552055
659.9701092747341 1.8999265273907575
716.6252202418148 1.928925792664665
780.8821935187201 1.9582150505913116
855.0288610080391 1.9877972010972247
935.9407112372229 2.0176751731081968
1019.352908958967 2.0478519248392786
1104.949192096705 2.0783304440876713
1188.766019915558 2.109113748528548
1270.556669522961 2.140204886013833
1357.350873957245 2.1716069348739717
1454.391430448486 2.203323004222711
1553.127201503549 2.2353562342649385
1636.300689402938 2.267709796607588
1746.274917467304 2.3003868945736636
1861.324738245999 2.3333907635194002
1964.989873221973 2.366724671154594
2062.815407915334 2.40039191786614
2157.51968130268 2.4343958370448013
2259.29411888293 2.4687397954152495
2363.022778276008 2.503427193369402
2457.89833725274 2.5384614653030964
2544.600840186537 2.573846079956127
2627.248484829523 2.6095845407556886
2700.811961765049 2.6456803861632454
2765.502737287187 2.682137190024878
2821.992128307183 2.7189585619251266
2875.829025314 2.756148147544378
2937.81451541177 2.793709629019822
2993.005533137011 2.83164672531002
3050.076422278709 2.8699631925631204
3097.364037113009 2.9086628244887516
3145.197463169926 2.947749452733639
3191.872478029667 2.987226947260975
3237.004953934289 3.027099216733585
3279.133481795384 3.067370208900921
3310.52492702047 3.10804391098993
3336.259383135332 3.149124350099829
3361.541327967218 3.1906155936008274
3393.29332801693 3.2325217495368355
3406.023176134579 3.274846967032204
3423.072260072374 3.317595436702526
3422.735511188677 3.360771391069551
3425.693618144414 3.4043791049802468
3407.29061797492 3.448422896030049
3393.513381783051 3.49290712499035
3384.57338949219 3.5378361962402534
3366.246274858504 3.583214558202656
3345.699572112877 3.6290467037846827
3312.774290297159 3.6753371708225298
3281.440784072004 3.722090542530755
3243.154517416157 3.7693114479560625
3199.071503772001 3.8170045624356232
3130.62684358747 3.8651746080599794
3048.285452965282 3.9138263541405793
2961.041945443564 3.962964617681985
2888.571867449494 4.012594263858805
2797.922288545936 4.062720206497393
2730.93447051806 4.113347408562367
2674.988801175392 4.16448088264799
2646.654629860452 4.2161256914744705
2608.447376491555 4.268286948389215
2584.02505067648 4.320969817873107
2576.56867859626 4.3741795160518375
2583.903715952745 4.427921311212356
2604.489178566176 4.48220052432448
2614.002644861721 4.537022529567724
2611.091280705342 4.592392754863401
2612.015492034302 4.648316682412036
2627.907956556924 4.7047998492361565
2663.739703028802 4.761847847728518
2705.001761208621 4.819466326205803
2755.569182070018 4.877660989467861
2808.005211456126 4.93643759936254
2794.82367806142 4.995801975356165
2756.122880094356 5.055759995109726
2710.820133338279 5.116317595060823
2722.893080903928 5.177480771011432
2750.850130250031 5.239255578721546
2730.157006612686 5.301648134508762
2709.491607496283 5.364664615853849
2709.182752937057 5.428311262012388
2691.006327612376 5.492594374632511
2665.477687812283 5.557520318378836
2668.219177171249 5.623095521562624
2705.825322204338 5.689326476778251
2760.518457973458 5.756219741546033
2805.879928897239 5.823781938961494
2851.360112236118 5.8920197583511085
2851.335723681725 5.960939955934619
