P(z) z
3402.821877224213 0.01
3387.452141195439 0.0201
3405.010552755165 0.030301
3418.743904542581 0.04060401
3425.634218953627 0.0510100501
3339.389695308525 0.061520150601
3304.700099365402 0.07213535210701
3245.492912614518 0.0828567056280801
3164.738674993128 0.0936852726843609
3201.348197649688 0.10462212541120451
3198.422157170307 0.11566834666531656
3196.906821588986 0.12682503013196972
3175.76662747797 0.13809328043328942
3118.225871363723 0.1494742132376223
3118.095627994154 0.16096895536999853
3132.551276455139 0.1725786449236985
3142.560057912015 0.1843044313729355
3148.315414648097 0.19614747568666485
3184.028214450253 0.2081089504435315
3204.328891148076 0.22019003994796682
3199.348735352137 0.23239194034744648
3197.15872547459 0.24471585975092094
3219.464626829614 0.25716301834843014
3205.512409633584 0.2697346485319144
3182.588972426023 0.2824319950172336
3182.064808813884 0.29525631496740595
3230.546507333718 0.30820887811708003
3236.020786977183 0.3212909668982508
3237.924027350503 0.33450387656723335
3244.279896370259 0.3478489153329057
3263.677194394 0.36132740448623474
3258.603721183566 0.3749406785310971
3245.138290807431 0.38869008531640803
3227.792330922509 0.4025769861695721
3208.205925685679 0.41660275603126784
3176.427386589488 0.4307687835915805
3144.314092197735 0.4450764714274963
3119.865996844077 0.45952723614177127
3078.069482012553 0.474122508503189
3033.393656403468 0.4888637335882209
2984.148853137585 0.5037523709241031
2934.355587893159 0.5187898946333441
2880.532662888176 0.5339777935796776
2822.765820276129 0.5493175715154743
2767.401280554036 0.5648107472306291
2714.844214019342 0.5804588547029353
2653.67427935157 0.5962634432499647
2598.528602693597 0.6122260776824644
2542.468902204806 0.6283483384592891
2480.16074279568 0.6446318218438819
2416.632180933711 0.6610781400623207
2344.428981294318 0.6776889214629439
2269.045915024083 0.6944658106775733
2197.23072737568 0.711410468784349
2126.989436728746 0.7285245734721925
2063.992054909547 0.7458098192069144
2003.635894458451 0.7632679173989835
1938.259352366862 0.7809005965729733
1877.462002301689 0.798709602538703
1806.85759346944 0.8166966985640901
1717.912702313315 0.834863665549731
1635.286268383483 0.8532123022052284
1552.714280032857 0.8717444252272807
1462.137522172939 0.8904618694795535
1372.990548509448 0.9093664881743491
1281.854854678489 0.9284601530560925
1187.196330737122 0.9477447545866534
1094.419238224098 0.96722220213252
1001.657706133559 0.9868944241538452
909.5671294689428 1.0067633683953836
819.4781028661906 1.0268310020793374
730.9725987931637 1.0470993121001309
642.0471001893405 1.067570305221132
556.2802303876433 1.0882460082733434
470.3980770571175 1.109128468356077
382.3763741881224 1.1302197530396376
305.4368891057082 1.151521950570034
245.9793817758504 1.1730371700757343
199.0759936210977 1.1947675417764916
161.9078344305507 1.2167152171942566
131.8373515738571 1.2388823693661992
105.6551871127961 1.2612711930598612
87.36347104591597 1.2838839049904598
77.7098593667671 1.3067227440403644
74.23926145330829 1.329789971480768
69.56520838835371 1.3530878711955756
64.3206786666536 1.3766187499075313
61.34455122097773 1.4003849374066066
60.12671672910351 1.4243887867806726
60.10820691485086 1.4486326746484792
61.43144015822878 1.473119001394964
63.75473422965045 1.4978501914089137
64.06230541476404 1.5228286933230029
62.35385691249549 1.548056980256233
60.39089981707161 1.5735375500587954
59.9216526461065 1.5992729255593834
62.50247863660322 1.6252656548149773
67.45863173749747 1.651518311363127
72.82217192374384 1.6780334944767583
79.96436440440255 1.7048138294215258
91.07228803022437 1.731861967715741
101.5103985412478 1.7591805873928983
113.434275510479 1.7867723932668274
126.8633642291979 1.8146401171994957
144.5798484639384 1.8427865183714907
164.738418264387 1.8712143835552055
181.6511343190053 1.8999265273907575
200.0707124948995 1.928925792664665
227.4221448926323 1.9582150505913116
264.9054988818692 1.9877972010972247
309.0631340449459 2.0176751731081968
358.4553473632191 2.0478519248392786
411.9155560869642 2.0783304440876713
466.8167164086863 2.109113748528548
520.2738008869937 2.140204886013833
584.1122883656851 2.1716069348739717
656.2390490053646 2.203323004222711
730.3535933630062 2.2353562342649385
783.8039197670979 2.267709796607588
872.2219863833984 2.3003868945736636
970.8115197666316 2.3333907635194002
1061.721415926431 2.366724671154594
1147.344193773201 2.40039191786614
1235.937810255882 2.4343958370448013
1336.56927681544 2.4687397954152495
1438.525770805319 2.503427193369402
1528.145501794322 2.5384614653030964
1614.375928005282 2.573846079956127
1700.123362873128 2.6095845407556886
1785.12979938192 2.6456803861632454
1865.541006675882 2.682137190024878
1939.127453035791 2.7189585619251266
2010.822722878011 2.756148147544378
2093.814182568108 2.793709629019822
2176.09509750001 2.83164672531002
2264.012080398156 2.8699631925631204
2344.567166672579 2.9086628244887516
2430.05849052825 2.947749452733639
2519.469870794303 2.987226947260975
2608.024385444393 3.027099216733585
2698.563321412378 3.067370208900921
2783.583241835553 3.10804391098993
2860.986398744295 3.149124350099829
2947.990433878024 3.1906155936008274
3036.711883735414 3.2325217495368355
3107.294573416694 3.274846967032204
3179.396500430931 3.317595436702526
3235.919914020903 3.360771391069551
3293.431039856645 3.4043791049802468
3328.729071121174 3.448422896030049
3371.4452502095 3.49290712499035
3409.160067094436 3.5378361962402534
3440.348378893753 3.583214558202656
3470.600373734395 3.6290467037846827
3491.642111188859 3.6753371708225298
3511.549662208385 3.722090542530755
3519.175263128632 3.7693114479560625
3523.677102540241 3.8170045624356232
3510.414263182372 3.8651746080599794
3481.850374346067 3.9138263541405793
3443.769151617145 3.962964617681985
3410.550972639786 4.012594263858805
3345.546877521062 4.062720206497393
3283.912158673142 4.113347408562367
3215.064813009445 4.16448088264799
3157.301655461484 4.2161256914744705
3062.580585718102 4.268286948389215
2966.201241587879 4.320969817873107
2864.76306359605 4.3741795160518375
2777.283706996544 4.427921311212356
2692.217821689731 4.48220052432448
2595.876798088592 4.537022529567724
2504.078976148006 4.592392754863401
2417.086714208086 4.648316682412036
2344.840825147926 4.7047998492361565
2311.029034099939 4.761847847728518
2299.84764782982 4.819466326205803
2309.160496687738 4.877660989467861
2339.57028950936 4.93643759936254
2340.325600833314 4.995801975356165
2334.247450431569 5.055759995109726
2315.417735605326 5.116317595060823
2327.744792129836 5.177480771011432
2358.8914992103 5.239255578721546
2351.58976625095 5.301648134508762
2339.563006109885 5.364664615853849
2338.061579635004 5.428311262012388
2344.021093922282 5.492594374632511
2339.872330758534 5.557520318378836
2346.682535918392 5.623095521562624
2376.082666691247 5.689326476778251
2413.099012127962 5.756219741546033
2443.412624144655 5.823781938961494
2473.33058145803 5.8920197583511085
2473.70238894858 5.960939955934619
