P(z) z
2885.4097609941105 0.01
2883.1965555838024 0.0201
2902.269489733799 0.030301
2918.0967528334995 0.04060401
2928.7276922976616 0.0510100501
2902.2196892871 0.061520150601
2903.697655279674 0.07213535210701
2873.8802760735784 0.0828567056280801
2850.383564783232 0.0936852726843609
2904.9773318138705 0.10462212541120451
2909.94503270931 0.11566834666531656
2915.5263087175686 0.12682503013196972
2905.4496066104557 0.13809328043328942
2864.170013519665 0.1494742132376223
2859.5546005613446 0.16096895536999853
2871.7722959315865 0.1725786449236985
2883.927480443324 0.1843044313729355
2893.626602291932 0.19614747568666485
2906.0203263363182 0.2081089504435315
2917.7794431957504 0.22019003994796682
2917.0827158609186 0.23239194034744648
2908.5827105470157 0.24471585975092094
2916.5542735067256 0.25716301834843014
2905.5772485261978 0.2697346485319144
2897.737769811705 0.2824319950172336
2897.6652568695686 0.29525631496740595
2905.5739638623477 0.30820887811708003
2904.5993408687846 0.3212909668982508
2903.5826967417006 0.33450387656723335
2909.5634324394196 0.3478489153329057
2921.410441720933 0.36132740448623474
2931.1697169532645 0.3749406785310971
2934.512542952979 0.38869008531640803
2935.8349437520606 0.4025769861695721
2934.388404484067 0.41660275603126784
2915.6843593309322 0.4307687835915805
2913.8593229881244 0.4450764714274963
2912.984056824346 0.45952723614177127
2896.428816992213 0.474122508503189
2914.6641346556876 0.4888637335882209
2901.587912437994 0.5037523709241031
2886.4881819710477 0.5187898946333441
2871.7440594220043 0.5339777935796776
2849.413885703047 0.5493175715154743
2826.380188438624 0.5648107472306291
2805.92817277034 0.5804588547029353
2778.718997556659 0.5962634432499647
2756.5536075406158 0.6122260776824644
2732.2077026072297 0.6283483384592891
2704.780294512994 0.6446318218438819
2676.5823593453833 0.6610781400623207
2644.097157222187 0.6776889214629439
2612.085520132583 0.6944658106775733
2583.0678216719575 0.711410468784349
2552.239102698656 0.7285245734721925
2524.470259021059 0.7458098192069144
2494.917744491149 0.7632679173989835
2461.1800344681105 0.7809005965729733
2427.520496648779 0.798709602538703
2386.024092862787 0.8166966985640901
2333.6015350926186 0.834863665549731
2284.5708012756277 0.8532123022052284
2228.1409335742255 0.8717444252272807
2165.9017331433724 0.8904618694795535
2106.5291739763616 0.9093664881743491
2039.382729600442 0.9284601530560925
1965.0408632938106 0.9477447545866534
1889.0937352466487 0.96722220213252
1809.4048014041075 0.9868944241538452
1728.2784869343561 1.0067633683953836
1644.1117564511485 1.0268310020793374
1561.0888651127425 1.0470993121001309
1472.4645436872595 1.067570305221132
1377.4232442448924 1.0882460082733434
1278.699546214707 1.109128468356077
1171.8188569316192 1.1302197530396376
1064.375209232676 1.151521950570034
969.0369728775063 1.1730371700757343
884.0970362485682 1.1947675417764916
808.1573598434999 1.2167152171942566
739.1135537857439 1.2388823693661992
668.712182557732 1.2612711930598612
602.5815039093363 1.2838839049904598
537.9841955405086 1.3067227440403644
475.9083518529197 1.329789971480768
416.3150049219164 1.3530878711955756
364.19649618735195 1.3766187499075313
317.6045817109975 1.4003849374066066
273.3942965257613 1.4243887867806726
231.95605548950294 1.4486326746484792
193.87580717323826 1.473119001394964
159.22636214069723 1.4978501914089137
129.04766151911252 1.5228286933230029
101.9881300156638 1.548056980256233
78.50495438812519 1.5735375500587954
59.624309639508716 1.5992729255593834
45.97171119393105 1.6252656548149773
36.5313241985211 1.651518311363127
30.76848355222565 1.6780334944767583
29.84048326782523 1.7048138294215258
31.67356757884435 1.731861967715741
35.1935389433005 1.7591805873928983
37.11464306749125 1.7867723932668274
38.647154374316436 1.8146401171994957
41.26393242602102 1.8427865183714907
44.60763851078375 1.8712143835552055
47.253059331494995 1.8999265273907575
49.86740427306691 1.928925792664665
53.884620290419726 1.9582150505913116
59.51737947273844 1.9877972010972247
65.55390688795347 2.0176751731081968
71.61190695624475 2.0478519248392786
78.9887623161066 2.0783304440876713
87.23201057305411 2.109113748528548
94.91476964198739 2.140204886013833
106.4090513873487 2.1716069348739717
120.68470640434198 2.203323004222711
135.14659685069478 2.2353562342649385
147.65933819247178 2.267709796607588
169.8800825864434 2.3003868945736636
196.77149091404902 2.3333907635194002
220.16394285092295 2.366724671154594
242.55627627218666 2.40039191786614
271.011546563128 2.4343958370448013
314.69709389628633 2.4687397954152495
363.936561641909 2.503427193369402
402.42195855770524 2.5384614653030964
439.19245939850646 2.573846079956127
484.3167003560053 2.6095845407556886
533.1400076821366 2.6456803861632454
584.5379827213308 2.682137190024878
637.0470423361337 2.7189585619251266
690.152322284062 2.756148147544378
752.6120369117424 2.793709629019822
820.8768298004671 2.83164672531002
897.553696919072 2.8699631925631204
974.1730352564424 2.9086628244887516
1059.7699695362635 2.947749452733639
1155.7252803131973 2.987226947260975
1252.1058325261333 3.027099216733585
1350.0635613019003 3.067370208900921
1450.9566158874186 3.10804391098993
1550.410272607214 3.149124350099829
1658.4961228673058 3.1906155936008274
1775.5109919737147 3.2325217495368355
1878.691488907735 3.274846967032204
1980.8023537627025 3.317595436702526
2070.775548010936 3.360771391069551
2160.361789660177 3.4043791049802468
2233.776204692533 3.448422896030049
2314.1996075696284 3.49290712499035
2386.272118833789 3.5378361962402534
2452.937597268395 3.583214558202656
2520.7359508343657 3.6290467037846827
2582.0873487394515 3.6753371708225298
2637.8311894892886 3.722090542530755
2683.3847622236653 3.7693114479560625
2730.1661460317823 3.8170045624356232
2766.543870885413 3.8651746080599794
2791.748497965284 3.9138263541405793
2812.660351871224 3.962964617681985
2837.760920814648 4.012594263858805
2841.643053876443 4.062720206497393
2849.627637356855 4.113347408562367
2855.328284288678 4.16448088264799
2860.67775004662 4.2161256914744705
2844.5843898648236 4.268286948389215
2831.5105101249947 4.320969817873107
2811.2298095440747 4.3741795160518375
2799.6489038917834 4.427921311212356
2798.6309458478418 4.48220052432448
2789.8217202541978 4.537022529567724
2779.323857878936 4.592392754863401
2765.0708115657258 4.648316682412036
2761.20015588898 4.7047998492361565
2768.1938763098583 4.761847847728518
2764.328140734924 4.819466326205803
2753.2608086166615 4.877660989467861
2753.7143503929765 4.93643759936254
2723.7743329360865 4.995801975356165
2672.41150687422 5.055759995109726
2596.5560086615405 5.116317595060823
2547.1708907551015 5.177480771011432
2516.2355064544727 5.239255578721546
2453.3990424642025 5.301648134508762
2380.960858717887 5.364664615853849
2313.636918907024 5.428311262012388
2250.652625982927 5.492594374632511
2191.9011791336966 5.557520318378836
2146.0246717682944 5.623095521562624
2114.1962256546485 5.689326476778251
2090.303224566917 5.756219741546033
2073.919934813544 5.823781938961494
2059.3779424464633 5.8920197583511085
2039.016895684583 5.960939955934619
