P(z) z
1949.738525242407 0.01
1919.8865460910297 0.0201
1933.8674241740425 0.030301
1932.597810400882 0.04060401
1927.358927551262 0.0510100501
1831.5540655426557 0.061520150601
1814.0525387748864 0.07213535210701
1764.8339517631969 0.0828567056280801
1749.9816153116265 0.0936852726843609
1941.0224712256927 0.10462212541120451
1952.5745941444154 0.11566834666531656
1956.2531595220307 0.12682503013196972
1905.281682609431 0.13809328043328942
1740.109653728115 0.1494742132376223
1696.8917442336453 0.16096895536999853
1706.8225312186185 0.1725786449236985
1721.5108246743064 0.1843044313729355
1751.7418180078564 0.19614747568666485
1749.667788107144 0.2081089504435315
1752.3825498077313 0.22019003994796682
1726.227418982123 0.23239194034744648
1659.4177378075096 0.24471585975092094
1656.9988903043698 0.25716301834843014
1644.5481716119646 0.2697346485319144
1646.5502049365566 0.2824319950172336
1664.9998749638607 0.29525631496740595
1674.0089891717466 0.30820887811708003
1667.728807335053 0.3212909668982508
1632.0621883773813 0.33450387656723335
1619.6285381131165 0.3478489153329057
1642.061046149022 0.36132740448623474
1649.034752102994 0.3749406785310971
1624.391360708085 0.38869008531640803
1599.1746308272668 0.4025769861695721
1584.0101382443413 0.41660275603126784
1539.6159919925633 0.4307687835915805
1536.76900260763 0.4450764714274963
1536.539992779681 0.45952723614177127
1512.534303612285 0.474122508503189
1567.7817567758366 0.4888637335882209
1536.0465524672463 0.5037523709241031
1503.5516876100935 0.5187898946333441
1488.4005595518386 0.5339777935796776
1453.0300098465539 0.5493175715154743
1434.3333659379753 0.5648107472306291
1441.408444116641 0.5804588547029353
1431.401171505363 0.5962634432499647
1426.2190224988638 0.6122260776824644
1398.9548912838593 0.6283483384592891
1377.902871957022 0.6446318218438819
1348.8043685578832 0.6610781400623207
1295.9274054278544 0.6776889214629439
1263.3148486124644 0.6944658106775733
1271.8825089165882 0.711410468784349
1261.9023060686698 0.7285245734721925
1237.3652818570379 0.7458098192069144
1203.419539155954 0.7632679173989835
1196.483826447998 0.7809005965729733
1144.6990396604658 0.798709602538703
1112.8404043846758 0.8166966985640901
1048.1084359725428 0.834863665549731
1001.5339628424962 0.8532123022052284
940.1188951483665 0.8717444252272807
924.2300233368302 0.8904618694795535
920.749274923415 0.9093664881743491
926.5104591788341 0.9284601530560925
904.8680126281371 0.9477447545866534
848.5196961546247 0.96722220213252
786.709953925066 0.9868944241538452
728.0309822405964 1.0067633683953836
671.6843333103792 1.0268310020793374
638.6367218043638 1.0470993121001309
601.6136057919437 1.067570305221132
558.8598081548838 1.0882460082733434
516.793129902246 1.109128468356077
474.5699093594511 1.1302197530396376
434.71980704037924 1.151521950570034
399.42580189537773 1.1730371700757343
369.50505652158154 1.1947675417764916
342.7985872468698 1.2167152171942566
324.36906466934647 1.2388823693661992
307.39935540615016 1.2612711930598612
291.85794646582366 1.2838839049904598
274.8063669045216 1.3067227440403644
257.3735304492475 1.329789971480768
236.77618245265393 1.3530878711955756
220.6990864138515 1.3766187499075313
205.95128382449604 1.4003849374066066
192.85724787543492 1.4243887867806726
185.38796549701087 1.4486326746484792
175.48963136102577 1.473119001394964
168.11983188612018 1.4978501914089137
161.47600628916948 1.5228286933230029
154.00402605803097 1.548056980256233
146.8771237353125 1.5735375500587954
141.77223704520907 1.5992729255593834
136.2533809826088 1.6252656548149773
132.20289024274192 1.651518311363127
129.69600482582595 1.6780334944767583
129.59646766865546 1.7048138294215258
129.64886570562703 1.731861967715741
129.56561972644658 1.7591805873928983
123.92436861240287 1.7867723932668274
116.1991235023107 1.8146401171994957
109.14564896189482 1.8427865183714907
104.18814301267302 1.8712143835552055
100.54757590710362 1.8999265273907575
99.85906471948692 1.928925792664665
101.45782619698143 1.9582150505913116
103.83765796757966 1.9877972010972247
106.53886435387099 2.0176751731081968
110.67608370113668 2.0478519248392786
116.09057539390469 2.0783304440876713
126.98025502596228 2.109113748528548
137.10722813575788 2.140204886013833
154.10103208436945 2.1716069348739717
176.34789025134927 2.203323004222711
204.28413553184262 2.2353562342649385
250.14657438918255 2.267709796607588
283.3349803737377 2.3003868945736636
321.0228921295385 2.3333907635194002
359.4510443911412 2.366724671154594
398.1091323485997 2.40039191786614
438.3925109562055 2.4343958370448013
488.9671950439402 2.4687397954152495
538.4616018881953 2.503427193369402
574.9203106099304 2.5384614653030964
619.2481382351293 2.573846079956127
667.7941636167735 2.6095845407556886
714.7023733217934 2.6456803861632454
761.1973437719491 2.682137190024878
805.8544004221505 2.7189585619251266
850.4893505307602 2.756148147544378
901.1559411477191 2.793709629019822
943.5855083616075 2.83164672531002
979.6838532309354 2.8699631925631204
1013.391855324578 2.9086628244887516
1057.3739507142868 2.947749452733639
1107.3533810398746 2.987226947260975
1150.9137686367433 3.027099216733585
1196.951734108694 3.067370208900921
1246.536679227095 3.10804391098993
1293.64640529677 3.149124350099829
1356.0852421097363 3.1906155936008274
1408.824806991329 3.2325217495368355
1458.2003075113803 3.274846967032204
1509.6007244683883 3.317595436702526
1550.0062232955881 3.360771391069551
1591.4987353680112 3.4043791049802468
1631.2617622489142 3.448422896030049
1669.521095615385 3.49290712499035
1706.6084886180183 3.5378361962402534
1734.0541800126036 3.583214558202656
1759.6810635878264 3.6290467037846827
1779.7167879513686 3.6753371708225298
1791.9096598230944 3.722090542530755
1800.2431717406055 3.7693114479560625
1810.518213458293 3.8170045624356232
1837.2283792148921 3.8651746080599794
1845.3847330099143 3.9138263541405793
1848.565478729643 3.962964617681985
1853.6772763660538 4.012594263858805
1863.390206921283 4.062720206497393
1880.1510205315817 4.113347408562367
1886.7014470749423 4.16448088264799
1898.854654905543 4.2161256914744705
1923.2829145792768 4.268286948389215
1940.7078154248493 4.320969817873107
1959.8157602453384 4.3741795160518375
1988.8758468897213 4.427921311212356
2045.515615718882 4.48220052432448
2091.4995230826817 4.537022529567724
2126.2533964457143 4.592392754863401
2170.1846893279576 4.648316682412036
2236.729803940652 4.7047998492361565
2320.718762890871 4.761847847728518
2398.024766529662 4.819466326205803
2484.6742344342633 4.877660989467861
2561.4767636609877 4.93643759936254
2537.5968771018183 4.995801975356165
2529.1552850199664 5.055759995109726
2542.686251072797 5.116317595060823
2591.160348100069 5.177480771011432
2650.997636570134 5.239255578721546
2673.5088752890715 5.301648134508762
2701.1900710460645 5.364664615853849
2736.070045607302 5.428311262012388
2764.3822603480994 5.492594374632511
2787.7842938878875 5.557520318378836
2814.4925267232284 5.623095521562624
2849.3047852577956 5.689326476778251
2888.6917599072117 5.756219741546033
2928.042516946306 5.823781938961494
2958.653592814535 5.8920197583511085
2970.756163804138 5.960939955934619
