P(z) z
2134.946675240359 0.01
2100.735675093245 0.0201
2111.97184110157 0.030301
2116.829650087272 0.04060401
2116.24752062102 0.0510100501
2091.98199572504 0.061520150601
2080.98796781342 0.07213535210701
2004.354712161699 0.0828567056280801
1960.167536271772 0.0936852726843609
2031.311960108487 0.10462212541120451
2013.068359170516 0.11566834666531656
2000.610624772411 0.12682503013196972
1966.499049783326 0.13809328043328942
1858.935867230844 0.1494742132376223
1872.835015821699 0.16096895536999853
1877.868021702234 0.1725786449236985
1861.394736107049 0.1843044313729355
1851.308114044673 0.19614747568666485
1887.512865634693 0.2081089504435315
1888.65311799053 0.22019003994796682
1867.213763978208 0.23239194034744648
1839.816869511699 0.24471585975092094
1866.433010784893 0.25716301834843014
1841.571267027087 0.2697346485319144
1773.43634434913 0.2824319950172336
1747.838866033327 0.29525631496740595
1776.249160077703 0.30820887811708003
1751.020836942741 0.3212909668982508
1745.253451822682 0.33450387656723335
1730.807859662747 0.3478489153329057
1712.64580201564 0.36132740448623474
1687.12946951885 0.3749406785310971
1660.467786328811 0.38869008531640803
1631.054973008189 0.4025769861695721
1597.272497344457 0.41660275603126784
1556.133189912369 0.4307687835915805
1514.133771376727 0.4450764714274963
1485.403118012666 0.45952723614177127
1447.655862635017 0.474122508503189
1411.977165576331 0.4888637335882209
1374.784119334722 0.5037523709241031
1336.141612865928 0.5187898946333441
1290.795801987404 0.5339777935796776
1245.376749841003 0.5493175715154743
1203.336224338633 0.5648107472306291
1169.520083073526 0.5804588547029353
1125.824245240711 0.5962634432499647
1083.942978565258 0.6122260776824644
1038.693837889011 0.6283483384592891
989.7793622804509 0.6446318218438819
938.1126225801773 0.6610781400623207
871.0674580578701 0.6776889214629439
807.7327644042244 0.6944658106775733
757.6457385327531 0.711410468784349
713.3641637207893 0.7285245734721925
679.4227875781294 0.7458098192069144
646.3762035123663 0.7632679173989835
604.4508376244651 0.7809005965729733
548.9746159629246 0.798709602538703
491.8893188382518 0.8166966985640901
421.3511772881506 0.834863665549731
360.1991179101812 0.8532123022052284
304.8182702791643 0.8717444252272807
265.4910329016854 0.8904618694795535
234.6793312054288 0.9093664881743491
210.080701178605 0.9284601530560925
180.1081809138524 0.9477447545866534
148.9360635967813 0.96722220213252
115.525214040118 0.9868944241538452
84.65119865095343 1.0067633683953836
62.53294568994392 1.0268310020793374
53.76402178529523 1.0470993121001309
51.67229277564347 1.067570305221132
52.45031172292121 1.0882460082733434
54.16081479352366 1.109128468356077
53.06697020856793 1.1302197530396376
51.08828891640385 1.151521950570034
50.86110861951746 1.1730371700757343
53.55920502147778 1.1947675417764916
54.61527662217787 1.2167152171942566
55.37545659591755 1.2388823693661992
54.889696317872 1.2612711930598612
58.65466588006193 1.2838839049904598
70.20490823486419 1.3067227440403644
86.44470515907993 1.329789971480768
102.6461063595441 1.3530878711955756
118.2447207109988 1.3766187499075313
138.1165444491446 1.4003849374066066
158.7912518311012 1.4243887867806726
172.0188524039178 1.4486326746484792
186.0289030690348 1.473119001394964
197.8011302205871 1.4978501914089137
217.1592110463941 1.5228286933230029
228.4072593246615 1.548056980256233
235.0616183030376 1.5735375500587954
257.5323003221425 1.5992729255593834
294.6511387476351 1.6252656548149773
325.183712194565 1.651518311363127
345.6746550494604 1.6780334944767583
363.5994343425575 1.7048138294215258
391.5905598862768 1.731861967715741
420.4328446361552 1.7591805873928983
456.0110186056888 1.7867723932668274
496.7923479636218 1.8146401171994957
547.8318576145532 1.8427865183714907
598.1196950586615 1.8712143835552055
635.0073786479239 1.8999265273907575
678.5427848802328 1.928925792664665
730.4141018737164 1.9582150505913116
792.0986092089157 1.9877972010972247
863.1204428566817 2.0176751731081968
936.4377164981786 2.0478519248392786
1009.729616399069 2.0783304440876713
1075.791131541587 2.109113748528548
1129.745147488781 2.140204886013833
1188.480654533258 2.1716069348739717
1260.967638648139 2.203323004222711
1339.369979815105 2.2353562342649385
1412.298341361658 2.267709796607588
1500.997276260661 2.3003868945736636
1591.833419335091 2.3333907635194002
1662.394605759843 2.366724671154594
1728.036962163985 2.40039191786614
1795.132558919674 2.4343958370448013
1865.114249117497 2.4687397954152495
1935.751409094074 2.503427193369402
2006.938737208945 2.5384614653030964
2073.826869192125 2.573846079956127
2132.435093123414 2.6095845407556886
2175.62221265852 2.6456803861632454
2216.367183707597 2.682137190024878
2250.799488460079 2.7189585619251266
2281.022500792141 2.756148147544378
2323.319131061312 2.793709629019822
2359.524003138885 2.83164672531002
2390.740338991702 2.8699631925631204
2412.550293019854 2.9086628244887516
2430.098038316084 2.947749452733639
2447.611715764501 2.987226947260975
2468.557911810522 3.027099216733585
2493.597666980526 3.067370208900921
2504.355320072051 3.10804391098993
2510.188364073008 3.149124350099829
2516.909473031356 3.1906155936008274
2539.793925403788 3.2325217495368355
2527.321235699741 3.274846967032204
2512.753015339433 3.317595436702526
2494.881622596964 3.360771391069551
2477.792479313207 3.4043791049802468
2445.458798902929 3.448422896030049
2422.781499712482 3.49290712499035
2410.185840586658 3.5378361962402534
2391.381632749434 3.583214558202656
2375.754127448473 3.6290467037846827
2351.452181601787 3.6753371708225298
2321.274506100513 3.722090542530755
2289.925467597792 3.7693114479560625
2255.187174500311 3.8170045624356232
2196.91861789071 3.8651746080599794
2146.81628074646 3.9138263541405793
2104.343404145477 3.962964617681985
2087.66006446852 4.012594263858805
2065.584444932602 4.062720206497393
2067.739201856539 4.113347408562367
2064.264341093715 4.16448088264799
2093.363646216039 4.2161256914744705
2108.413881197026 4.268286948389215
2107.057493843989 4.320969817873107
2109.872436707511 4.3741795160518375
2135.962210747396 4.427921311212356
2190.852016794664 4.48220052432448
2217.594927627788 4.537022529567724
2228.219987165305 4.592392754863401
2266.495019927559 4.648316682412036
2351.860598653619 4.7047998492361565
2488.663694389429 4.761847847728518
2609.935347364106 4.819466326205803
2755.139974527479 4.877660989467861
2907.069990830243 4.93643759936254
2922.536106037915 4.995801975356165
2904.382744797 5.055759995109726
2913.030660501735 5.116317595060823
3042.607031467872 5.177480771011432
3194.143103412189 5.239255578721546
3272.720919299991 5.301648134508762
3381.034019019439 5.364664615853849
3551.08247631583 5.428311262012388
3710.495051361307 5.492594374632511
3813.577706300861 5.557520318378836
3969.054198861317 5.623095521562624
4193.565455448384 5.689326476778251
4422.599136379164 5.756219741546033
4589.432870992716 5.823781938961494
4749.961252946762 5.8920197583511085
4830.705540040812 5.960939955934619
