wavelength flux
3250 0.0020556843271725524
3255 0.0021056346790644213
3260 0.002153218031906476
3265 0.0021994824339784304
3270 0.002238590892745103
3275 0.0022741144542082056
3280 0.002300035846222214
3285 0.0023202795413243115
3290 0.002336217844468209
3295 0.002347724278444681
3300 0.0023575280778277414
3305 0.002363981128309659
3310 0.002372772078127981
3315 0.0023765772615190403
3320 0.002378385331212298
3325 0.0023788588000686417
3330 0.0023738804379964708
3335 0.0023679231289264703
3340 0.002348233425601924
3345 0.002325399532476977
3350 0.0022953326131782744
3355 0.0022633091211480653
3360 0.002229024325515588
3365 0.002195798980199974
3370 0.002167014689715334
3375 0.002149297952442508
3380 0.0021393561711112547
3385 0.0021411203326150803
3390 0.002147132779641042
3395 0.0021588069682883042
3400 0.0021683865717962857
3405 0.0021773976242917222
3410 0.0021858921815280717
3415 0.0021961093469077615
3420 0.002208398639163397
3425 0.002221389248274933
3430 0.0022368510784651578
3435 0.0022524637950916138
3440 0.0022670881841745927
3445 0.002279544442321052
3450 0.002292648442311072
3455 0.0023032306820824633
3460 0.0023167384813860843
3465 0.0023311060016911063
3470 0.002350974870667205
3475 0.002375491152049333
3480 0.002400565829054105
3485 0.002427195948830748
3490 0.0024511024592439924
3495 0.0024720186771941054
3500 0.0024895558575013968
3505 0.002501492499330852
3510 0.002510330734193801
3515 0.0025122508469418423
3520 0.002510925552927224
3525 0.002505491132391242
3530 0.0024976283256332513
3535 0.0024950200703550674
3540 0.0024942751754618245
3545 0.0024990604955596376
3550 0.002500808778195404
3555 0.0024922853802538374
3560 0.002475517686152871
3565 0.0024376494306025173
3570 0.00239906688666692
3575 0.002358231426587895
3580 0.0023232640059233155
3585 0.0023029994447882813
3590 0.002301120936420506
3595 0.0023089502541541783
3600 0.002331564094544751
3605 0.0023625648755328213
3610 0.002394982930377743
3615 0.0024301542956199546
3620 0.002459269635356505
3625 0.0024899253087173226
3630 0.00251743160744941
3635 0.0025444121991581715
3640 0.0025796190423518733
3645 0.00261576416468082
3650 0.0026566112502710917
3655 0.002693713625086054
3660 0.0027285270408096943
3665 0.0027500547434963574
3670 0.0027629149547588124
3675 0.002765954339471277
3680 0.0027617313427565128
3685 0.002754002931676139
3690 0.002744019751571761
3695 0.0027408850297918836
3700 0.002740826035761686
3705 0.0027492505090553096
3710 0.002756487577415322
3715 0.0027563241877458914
3720 0.002750300505105141
3725 0.0027308944821628433
3730 0.002714328845585597
3735 0.0027026144085425174
3740 0.002705666975418725
3745 0.002724601586084303
3750 0.0027591723139799426
3755 0.002807943421282441
3760 0.0028651597720262987
3765 0.0029249771227882002
3770 0.0029872779464451852
3775 0.0030499377555606886
3780 0.0031064390317127773
3785 0.0031583278412452187
3790 0.00320382075416397
3795 0.0032419474116600665
3800 0.0032715693662797077
3805 0.0032875138045207154
3810 0.003290038129817604
3815 0.0032707582254259794
3820 0.003233554126195793
3825 0.0031833041094375095
3830 0.003130042977125865
3835 0.0030997061002396393
3840 0.00308351301804317
3845 0.003112281605123841
3850 0.0031513221703682944
3855 0.0032071676611291375
3860 0.003262796728909517
3865 0.003308506689104058
3870 0.003347243290750398
3875 0.0033723125727446743
3880 0.003386723994860737
3885 0.00339500063024369
3890 0.0033974070656651676
3895 0.0033986694474154784
3900 0.0034000454405953917
3905 0.0034054086695408012
3910 0.0033931533426940098
3915 0.0033753908322588975
3920 0.003320305761389014
3925 0.0032520085641745233
3930 0.0031669559784182288
3935 0.0030885261982362532
3940 0.00305073509159956
3945 0.0030438751833158826
3950 0.003076812955676487
3955 0.003114767681115933
3960 0.0031485921706146994
3965 0.003175542444667316
3970 0.003198814406787087
3975 0.0032642697578974603
3980 0.0033672874414033328
3985 0.0035346704113923526
3990 0.0037405897630129322
3995 0.003952447798269088
4000 0.004154927226561333
4005 0.004310935475375115
4010 0.0044417601567510925
4015 0.004536561647220463
4020 0.004612513399616793
4025 0.004662877293911511
4030 0.004702739363847426
4035 0.004727996430662445
4040 0.004745905119026112
4045 0.004753063892751255
4050 0.004755510589248413
4055 0.0047530980010234945
4060 0.004747960443168587
4065 0.00474084402184497
4070 0.004740891958561963
4075 0.0047417286233375705
4080 0.004748399669811172
4085 0.004755898104812325
4090 0.004758959520287027
4095 0.004758146695472059
4100 0.004748191567302302
4105 0.0047353888009810515
4110 0.004724186887134822
4115 0.004719784975492326
4120 0.0047302177784841045
4125 0.004745904299732205
4130 0.004767877721331232
4135 0.0047938124201593515
4140 0.004824191922633893
4145 0.004852484955123959
4150 0.00488029433311727
4155 0.004901768296490482
4160 0.004920368121390259
4165 0.004932233926902895
4170 0.004941694175191605
4175 0.004945028976162929
4180 0.004946371197208244
4185 0.004946640107899337
4190 0.004946905587776069
4195 0.0049493811500297665
4200 0.004953114597583414
4205 0.004957990514407403
4210 0.004961311916596984
4215 0.004962626719446263
4220 0.004961646892320753
4225 0.004960684489779774
4230 0.004958286746211024
4235 0.004955733770017149
4240 0.004952429895385127
4245 0.004949345818085163
4250 0.004943610481610792
4255 0.004935046543490243
4260 0.004922820485529192
4265 0.004904416558470682
4270 0.004881579751617878
4275 0.004853929108606997
4280 0.004822501055180342
4285 0.004789449676784586
4290 0.004754539995478973
4295 0.004719975238323364
4300 0.004690859889946585
4305 0.004666059171962128
4310 0.004651199043353853
4315 0.004650369946901144
4320 0.004659925060040085
4325 0.004689714059757592
4330 0.0047239244706940705
4335 0.004759530442024424
4340 0.0047902340720153355
4345 0.004818007257593377
4350 0.00483751485644118
4355 0.004856769533055952
4360 0.004882017267104162
4365 0.0049223323205674395
4370 0.004977823292726908
4375 0.005038269844978817
4380 0.0051077815220525
4385 0.00517051520121972
4390 0.005225432198048367
4395 0.0052722496980756395
4400 0.005313104001814584
4405 0.005343575717531541
4410 0.005374954840290055
4415 0.005401034779745491
4420 0.005422945990234991
4425 0.0054449079952195445
4430 0.0054668492515787545
4435 0.005487972222110437
4440 0.005506000571742763
4445 0.005531006202747544
4450 0.0055595414208525285
4455 0.005592549716143206
4460 0.00561199175867596
4465 0.005651180095483481
4470 0.005689202568957157
4475 0.005723877340429953
4480 0.005759577983624255
4485 0.005794513086666096
4490 0.0058293894238972705
4495 0.005870361390708089
4500 0.005916655618933863
4505 0.005964095585091855
4510 0.0060085271833729605
4515 0.0060475346700827794
4520 0.006065447909984744
4525 0.006070110005053434
4530 0.006063101235232278
4535 0.006044899648874178
4540 0.006025130289858299
4545 0.006015221829323856
4550 0.006011565677427413
4555 0.006019609210238117
4560 0.006035520587477015
4565 0.006055084463811571
4570 0.006076227075850773
4575 0.006097203594742888
4580 0.0061124700798808685
4585 0.006119237194341652
4590 0.006121020698047754
4595 0.006117186411323322
4600 0.006109143330351822
4605 0.0061037433018388335
4610 0.006099793286420719
4615 0.006095138813937351
4620 0.006093712208142675
4625 0.006090381379804598
4630 0.006088200248050572
4635 0.006087037075183377
4640 0.006087367599705927
4645 0.006092000724506161
4650 0.006095476381440879
4655 0.006105780072667228
4660 0.006115168766733377
4665 0.006127875684517105
4670 0.006140303059890419
4675 0.006150082989512274
4680 0.006155867089469498
4685 0.006156664072008578
4690 0.0061510122000456085
4695 0.006140581319127868
4700 0.0061341384332285805
4705 0.006122919368103695
4710 0.006113949518278626
4715 0.006111169229815434
4720 0.0061169003049652
4725 0.006123108811202487
4730 0.006141491277307247
4735 0.006160658916666686
4740 0.00618317111903417
4745 0.006203766978969449
4750 0.006222793848388503
4755 0.006239682158876427
4760 0.006251601455421393
4765 0.006260259103225352
4770 0.006264472840563383
4775 0.0062700723308065165
4780 0.006269230351495477
4785 0.0062682118861966145
4790 0.006263561648911059
4795 0.006258376860670964
4800 0.006251081387576526
4805 0.006240283589787559
4810 0.006229875451633648
4815 0.0062193964721616105
4820 0.0062057302141896396
4825 0.00618953241442132
4830 0.006166525136600568
4835 0.006139003679103571
4840 0.006095379103034361
4845 0.006046027595629862
4850 0.005985622399693149
4855 0.005922084551693056
4860 0.005858798122065805
4865 0.005807607718401799
4870 0.005759412065228785
4875 0.005740587084167234
4880 0.005729579945738469
4885 0.005739662543538671
4890 0.005781082545646996
4895 0.0058248058171160595
4900 0.005873231901985508
4905 0.00591978449440974
4910 0.005956027525213387
4915 0.005982486999404504
4920 0.006005373604533877
4925 0.006017865139799483
4930 0.006030042146484498
4935 0.0060417550393838835
4940 0.006052384925064641
4945 0.006063102185662747
4950 0.006075116818486399
4955 0.006086934548453967
4960 0.006088019127681091
4965 0.0060876665881675045
4970 0.006078277065857942
4975 0.006055247172746797
4980 0.006026159003515982
4985 0.00598504586519857
4990 0.005941422965457587
4995 0.0058960405581208455
5000 0.005851473835872532
5005 0.005807394040049219
5010 0.005780537118716409
5015 0.005755714865309719
5020 0.005743881005994103
5025 0.005744106024741111
5030 0.0057502238021476595
5035 0.005771167263873425
5040 0.005793310782368299
5045 0.00581469987487217
5050 0.005834971629490751
5055 0.0058519076883830476
5060 0.005860600207995335
5065 0.005868557410464606
5070 0.005868021491423111
5075 0.005865233634861408
5080 0.0058553979464102575
5085 0.005846366415945927
5090 0.005833917216088083
5095 0.005823510805269162
5100 0.005812725276732634
5105 0.005799231473775391
5110 0.00578616447368902
5115 0.00576896799493827
5120 0.005746983296630225
5125 0.005721237702416115
5130 0.005690763105040181
5135 0.005656075197630449
5140 0.005618382738555555
5145 0.005578887625446689
5150 0.00553686866987347
5155 0.005503212838628594
5160 0.005471242432055077
5165 0.005450933691846266
5170 0.005438401036476641
5175 0.0054329337162853115
5180 0.005437375197313735
5185 0.00544462633321776
5190 0.00545820928621419
5195 0.005478669380067735
5200 0.005500677924361949
5205 0.005528019168276105
5210 0.0055570963706079776
5215 0.00558735236050666
5220 0.00561456350598433
5225 0.0056423484048352965
5230 0.005668308784317494
5235 0.005694544341304299
5240 0.005715213549832865
5245 0.005725194397004531
5250 0.005737785286427653
5255 0.005746876635678623
5260 0.005752187722162368
5265 0.005759920918019997
5270 0.005767995365749321
5275 0.005779223228228676
5280 0.005802773100087912
5285 0.005828922378735142
5290 0.005861033176044174
5295 0.005897671158812952
5300 0.005930444304749369
5305 0.005955642412995905
5310 0.005978879380286858
5315 0.005986081386003763
5320 0.0059869437605250654
5325 0.005980750414827132
5330 0.005964857900666291
5335 0.005948558404664271
5340 0.005939548453973799
5345 0.005929862731611615
5350 0.005931642814541773
5355 0.005940621201565696
5360 0.005950308323551877
5365 0.005961483140777654
5370 0.005972375884770457
5375 0.005973701131442183
5380 0.00596975414140493
5385 0.005964422567514868
5390 0.00595041247860536
5395 0.005936199476657018
5400 0.005926023604852698
5405 0.0059148065372635105
5410 0.005913053512695722
5415 0.00591111271837929
5420 0.005915823391818055
5425 0.0059276626500428245
5430 0.00593957492177111
5435 0.005956281798608145
5440 0.005971079974400168
5445 0.005984494883040238
5450 0.005994932647360561
5455 0.006000744174334897
5460 0.006004355996697791
5465 0.006005899505111103
5470 0.006002534942525304
5475 0.005998124775179902
5480 0.005990953281201497
5485 0.0059844601000150184
5490 0.005977422864081422
5495 0.005970285345665231
