col0
0.005341762718076454
0.003903339429433325
0.003611939286598068
0.00523224438677593
0.005963259022792489
0.006282041329392795
0.005541583867064599
0.005980933060148271
0.00838662667891839
0.007672630145102423
0.005716105849003123
0.004726743877231823
0.004140589686481241
0.00422644846409852
0.0047876462222995715
0.00547488520058055
0.00455933248340648
0.005108639117387516
0.00809937800329373
0.010805429262576046
0.013161670413397455
0.010168438357056126
0.008863368342393216
0.010371901730527674
0.0075423266437508
0.003119270523229727
0.0031305897125169847
0.003837960634274992
0.005705417776817581
0.005650392080282284
0.0048935808427207315
0.006202745519881168
0.007963405008371954
0.010476555849079989
0.011576099203521827
0.012024582140493113
0.010886369904398055
0.009088142824555535
0.006189891005133924
0.0061721074775281295
0.007346953547338797
0.008672551241119451
0.008830866502328878
0.007043711042586253
0.00587363929407313
0.004939754178951216
0.0035940158960653754
0.00264977542711988
0.002374697981408292
0.0044189581978097085
0.0072741431825520545
0.0068151058626537975
0.0068558014844467925
0.007729385342391872
0.008448766660235292
0.009206732748930805
0.012312537329363597
0.016604913790715832
0.02287491005360047
0.016708674155125534
0.005844267224933895
0.00470036056401653
0.004418009618226196
0.005571584864314246
0.004495744953773293
0.0027531203072253753
0.00678831968647429
0.008027734918339937
0.00460750990456681
0.004774690623020396
0.006330796058948093
0.005857327473927273
0.006072428850344918
0.007435146829160001
0.006805454605364154
0.005390015495882532
0.004771694640355159
0.004421167432912488
0.004516962972277653
0.007467107029061137
0.011393528018460778
0.010741958969540886
0.012052385978018493
0.01663280641549193
0.02326460471209527
0.0305079639970263
0.03238947099467583
0.032191034070592386
0.028526023943620627
0.022085077068118377
0.01453844492270459
0.00785080548187886
0.003536855604745825
0.0031790550004339485
0.0067113260016714955
0.011546344020719187
0.009503277067432191
0.008954031729051208
0.010894489082180244
0.011477383962006746
0.011421437694853945
0.009529060235512928
0.007290296536672035
0.00447422243866468
0.004686681708044319
0.0060725561664904375
0.005764987494094641
0.006232835655101231
0.007993045205111798
0.007888758341669303
0.007035076494070944
0.006603187808884363
0.006106731495610284
0.005502662468857046
0.005711999876079851
0.006225165162773422
0.0060229342731685795
0.007758481955548349
0.012723660591235805
0.013503763730121155
0.012504212993059323
0.01020774987304392
0.00838693629475299
0.007358871952669522
0.00943900110837478
0.012737933848893462
0.014632928266945289
0.015262719182434535
0.013783837593652825
0.012132343007756887
0.010524654543245556
0.01155925349030899
0.011395200971914704
0.009233396011090881
0.008336381465322706
0.008003524101643397
0.008667972701069237
0.008975155435614213
0.008686895062024415
0.009491582522026767
0.010779885337311104
0.012840482429473176
0.013237124702364222
0.010860508943136891
0.009176935363758923
0.007898828770532324
0.009382945743743194
0.011404985679878582
0.014323563887554833
0.013865785536383768
0.01220553357012524
0.01486447116123256
0.017611388354223937
0.02050493821702207
0.016127705086025713
0.009036310987287903
0.008377806512903334
0.008513650389422357
0.00997340818411404
0.00940867906281809
0.008046429050299644
0.00751428050872302
0.007771762134099401
0.009345294037730791
0.00803781522029131
0.005686866442752206
0.006620974823651758
0.007126761585031744
0.006918678980545784
0.007097595320847584
0.007408144029869894
0.007081129565885768
0.006971146554976932
0.00722288263252691
0.00782490122281067
0.008546511089043658
0.008701338857983035
0.008304769838943186
0.006989206173271294
0.006633260569898713
0.0066753980183067
0.006785298126480237
0.0070974297934091775
0.00774661405826379
0.007964784222606288
0.008162406488211312
0.011969384152410428
0.016505493681065957
