col0
0.00765825170576242
0.0043294413576844175
0.0037673503256987757
0.0036287358461519737
0.003537452163236768
0.005156099805667113
0.0071493150757833785
0.003640337349413602
0.0015199623051845657
0.0027886733045308122
0.000815767886960645
0.0043546250661690945
0.002693816641284367
0.00683103637868201
0.006569964639241784
0.00013339783398201154
0.007830973294855563
0.002805952780373632
0.0032886896938331654
0.0021782024132847868
0.000377391786387157
0.000696846106305226
0.0019427502483595144
0.004528225060305379
0.009779044766801484
0.010065537791937574
0.009415326195954896
0.0015538501625828502
0.0012363355449056834
0.008962395158941905
0.006218254999742514
0.0022434193036905276
0.003952202965430664
0.0006918486238619855
0.008330231478554048
0.0070295538944313675
0.009921927575572745
0.009779639502861454
0.0010644960277580763
0.006013847912493939
0.0016403797140730916
0.002021338184075878
0.00177556324080388
0.0029401106787103554
0.0066101795144731966
0.012849180534566481
0.007674908784006821
0.000597725987137907
0.001723552806650675
0.0004177385410452464
0.005490328483309637
0.009725808787611579
0.01086307662709647
0.0017697339216238431
0.005858320501455012
0.008665851552245574
0.004713822114437275
0.006172191415199221
0.004435542417507212
0.001389738020661839
0.0006403065799129233
0.0009241119680778624
0.003036083551193992
0.003531110551617046
0.007141666755279546
0.00023123033221123697
0.0018625711385437406
0.006968181230094284
0.004884103995440074
0.011281880815799384
0.0037900593748974045
0.004898681879431129
0.011726441668054732
0.014986058927556056
0.0036459033313557005
0.00749782539119191
0.012136630843748568
0.008737473833937463
0.0053657310420543594
0.010669831425835972
0.0036941201365202274
0.0016750045300704586
0.004569970883803196
0.008913033246610127
0.015624728288440363
0.007350477573468852
0.0006285255352996974
0.00879356593459293
0.005926425228648149
0.00024471306072190496
0.015091129030187216
0.011560945903026415
0.006609692886805764
0.006841220233369308
0.0055632062926833925
0.013427520730697352
0.004899035404686542
0.004353027342734104
0.004044923298168896
0.008824367886268995
0.003643560308921366
0.008964971895502705
0.007887421254893964
0.0003929607052319293
0.00748073452744077
0.011284085149664396
0.010705770664267159
0.003431968668632576
0.0094083343526895
0.007886034969409587
0.007642784689878454
0.003929454928726915
0.012907494198615458
0.003198349487735509
0.0006807012280709968
0.0010869487227707913
0.002613697403219794
0.011025439145373947
0.00044274700932860403
0.002942799815746432
0.0022198273175582602
0.0020655378978397523
0.00812454345034535
0.006662728173991343
0.0026510289849371142
0.00024693869205923304
0.007713475134386712
0.004980665915109662
0.008929271442706548
0.0029558144444341767
0.009536757979064513
0.005607772265577107
0.005207654776954371
0.0002987187307189
0.003389941357100335
0.0036568490211361295
0.004738244546750028
0.003427107503521103
0.003879616571486855
0.004908905110156717
0.0014962426771027502
0.004844373095671862
0.0003969264397558597
0.006064636135233707
0.009092321657706981
0.010587934348072058
0.013944637921842466
0.0029450878256309272
0.01420074941017471
0.006883732849975858
0.00817856579482784
0.001499329045453308
0.005060646099922071
0.0036870865467619595
0.0010561044166970312
0.000582855339147142
0.010558451532269534
0.00924353515240642
0.00019229831941558988
0.0012561275482811459
0.005540056215823506
0.00819941541949545
0.009533986546323942
0.0046644817692807145
0.007837534211580118
0.016655054844462003
0.01749457376825266
0.012782635429882673
0.008722753900920484
0.00925783974472703
0.007725237789888374
0.01262206956309032
0.01650727828835869
0.009103382981679878
0.013192209287581688
