col0
0.006428962729290314
0.010994827848611508
0.010209937515858289
0.009628016153767118
0.009384376409446029
0.009425872643262114
0.00946559366877196
0.006764079463233281
0.004774176012559348
0.003970290486659994
0.00379039517519839
0.004009190168211441
0.00748830778034873
0.009762136307228159
0.010027149692011156
0.01033759368286664
0.010506453095275816
0.006988612640027474
0.0046568865509393036
0.004302017738784751
0.0038113246921712904
0.0033156128156971608
0.003990803249362006
0.00678913577399507
0.013126038450241833
0.012846811104367728
0.0097779838570471
0.00520700202713049
0.004229231869248614
0.00924014783142463
0.008443025670723112
0.005368167173598066
0.004910910455395603
0.005759895016805284
0.008785948377568537
0.0105935870415138
0.011787963962742821
0.01041642469489222
0.009171199005473979
0.00813649594677634
0.006086024056705125
0.003941513262220736
0.009254036010418442
0.01424466960501823
0.01869882127695482
0.021956071748318266
0.024163122138754503
0.013550929096822343
0.007574298442106821
0.009323605099419015
0.014046219058362931
0.01949571251262424
0.013504465208437963
0.009913288339160047
0.01032222886139607
0.01083974610959119
0.011353916254798913
0.010762817567801605
0.009936725126770758
0.008718976429017344
0.006187416509186446
0.0032881432526471496
0.004374028355019163
0.005325779610488493
0.006053974454453353
0.00646265433703533
0.006936465590931851
0.01193429301933604
0.016697219448023094
0.021068644210514926
0.01933970779132854
0.015536125360456197
0.02178969349905343
0.022225274446854886
0.012964210076663386
0.013771566060963794
0.018412157499226964
0.01586330102138692
0.014564152442071092
0.01534785036029562
0.0111280581953908
0.005332782080642658
0.010687369436193686
0.016759018750888026
0.024025771330821226
0.018360584804963123
0.007947355460888676
0.010802211652685271
0.013130449396517618
0.014580989727076213
0.015960222157903454
0.01716501751794036
0.015033088006078792
0.014746502808139486
0.017535491466737274
0.016729006399801207
0.014395256643415524
0.010985670195038799
0.011013771736736828
0.016771353261892784
0.01738670292500082
0.01574228100622309
0.01082307327993828
0.008194111263191544
0.009382225429008254
0.015318747708071139
0.02279906911065557
0.020816552340551304
0.018242165989722815
0.014681330337687277
0.012935965343333553
0.012074877426594272
0.014358587242824156
0.013156133892985615
0.006143408599699696
0.00629606141246856
0.009362993230773076
0.011597996583761093
0.011162780140246485
0.00627719736922751
0.006069940665867677
0.007907808607349806
0.012477043562954567
0.013930567624924662
0.010191240197503653
0.009943745707342815
0.011127670382008908
0.012164523912465737
0.012642900011860895
0.012190480392819931
0.013295019956284636
0.01475997619184241
0.009769196568869374
0.00688402065815412
0.007508184267868499
0.007084881205459601
0.006380560989274161
0.009132971778101667
0.010123621153832519
0.008178001507735618
0.010262135082241879
0.013777175228218131
0.012038933075821302
0.012721997500498346
0.017440572886965176
0.01752005000705766
0.015832125526171404
0.017428953686672327
0.017353339641965
0.0144903219219106
0.010762885099534414
0.007031398062930476
0.01139331347990048
0.011802186841644519
0.005622656778011948
0.009846225231581542
0.017762688216380922
0.012092262991844942
0.008368843689216343
0.007890434256433364
0.011175623232959942
0.015760376325337024
0.014591613264696997
0.016035995935684274
0.021835621492717054
0.028170453623563903
0.034229388787451784
0.028873972629867933
0.025368274266736327
0.02494543889435845
0.024046105493799562
0.023137719250917586
0.026533834254436534
0.02673350905587416
0.021605783520509573
