wavelength Flam
91.0 1.3812528449507862e-42
94.0 1.3503685353898199e-42
96.0 1.5489904143775524e-42
98.0 2.8004547827210224e-42
100.0 1.2098582439857638e-41
102.0 4.456290782339296e-42
104.0 8.843424510570818e-42
106.0 2.409196800132143e-41
108.0 2.9482616383708287e-41
110.0 4.077801354297468e-41
114.0 1.6118123397329877e-41
118.0 1.5965270536883648e-41
121.0 4.919630950506572e-41
125.0 5.574800318406338e-41
127.0 3.362859563421586e-41
128.0 4.703242574852966e-41
131.0 3.591262134161529e-41
132.0 5.430727327369551e-41
134.0 3.120201825615092e-41
137.0 3.778991562555293e-41
140.0 5.546870800119999e-41
143.0 4.5642111431746185e-41
147.0 2.840436166431592e-41
151.0 3.4435649258866853e-41
155.0 3.642801858906938e-41
159.0 4.5726958300726506e-41
162.0 3.802185998442754e-41
166.0 4.802640492037107e-41
170.0 4.488371102618996e-41
173.0 2.836361702775044e-41
177.0 3.3826135609283495e-41
180.0 4.408921180024482e-41
182.0 5.057584584452668e-41
186.0 3.9619033336227314e-41
191.0 4.86878860275104e-41
194.0 5.176703179006668e-41
198.0 6.154826451678678e-41
202.0 5.381238963334547e-41
205.0 5.33374927327504e-41
210.0 5.580379281363587e-41
216.0 5.243916302050646e-41
220.0 3.5366871981318637e-41
223.0 4.632272038682698e-41
227.0 5.835325435312879e-41
230.0 6.594059851434009e-41
234.0 1.4046399159585318e-40
240.0 2.1203714687362827e-40
246.0 2.1832061138607032e-40
252.0 3.1089789061078763e-40
257.0 2.370470859349838e-40
260.0 2.6210073721787195e-40
264.0 3.89787786871462e-40
269.0 3.342774740818864e-40
274.0 3.4470537393030865e-40
279.0 2.688693638216716e-40
284.0 3.175302145337018e-40
290.0 3.230521936222408e-40
296.0 2.732340721721099e-40
301.0 2.8101195623891832e-40
308.0 2.1168803990479195e-40
318.0 3.010394685172952e-40
328.0 3.3491896275110515e-40
338.0 2.6914768958862803e-40
348.0 2.3579137471909147e-40
357.0 2.9572678328949556e-40
366.0 2.907880843754661e-40
375.0 2.5425238270524686e-40
385.0 1.9889899517824487e-40
395.0 2.4970910237578386e-40
405.0 2.4578920026559363e-40
414.0 2.43360175177585e-40
422.0 2.065148161274501e-40
430.0 2.037150657034532e-40
441.0 1.9746325845255752e-40
451.0 1.9802783475705912e-40
460.0 1.917848754489326e-40
470.0 1.8001232167434199e-40
480.0 1.7396657984373712e-40
490.0 1.6360801137419435e-40
500.0 1.6454370897218718e-40
506.0 1.5583209481472502e-40
512.0 1.4277244382597544e-40
520.0 1.5025129548746204e-40
530.0 1.4472648325308084e-40
540.0 1.370791960025917e-40
550.0 1.2512755560641966e-40
560.0 1.2626454596119993e-40
570.0 1.167839873821977e-40
580.0 1.1587934491542627e-40
590.0 1.0991655582228035e-40
600.0 1.0549479996783138e-40
610.0 8.588208163288419e-41
620.0 9.839274085883776e-41
630.0 9.348703888855528e-41
640.0 8.969227283926471e-41
650.0 8.673924752663925e-41
658.0 8.468883395364804e-41
665.0 8.39116784236163e-41
675.0 7.870670204805044e-41
685.0 6.906789459981482e-41
695.0 7.306475407403884e-41
705.0 7.00433204333961e-41
716.0 6.713138402201337e-41
726.0 6.488616301227365e-41
735.0 6.196953567944951e-41
745.0 5.879287044445964e-41
755.0 6.005881638144971e-41
765.0 4.060279369827151e-41
775.0 5.463093182930222e-41
785.0 5.663246643343419e-41
795.0 5.116750206425598e-41
805.0 4.956844978321574e-41
815.0 4.803717089166201e-41
825.0 4.5003206721950195e-41
835.0 4.4333535815875696e-41
845.0 4.334691367024503e-41
855.0 4.197800152625312e-41
865.0 4.055259730308835e-41
875.0 3.814089158336787e-41
885.0 3.8083143394163425e-41
895.0 3.7104675871961407e-41
905.0 3.524728306628821e-41
915.0 3.452059877245862e-41
925.0 3.976543387365483e-41
935.0 4.847441466417489e-41
945.0 5.12831267315867e-41
955.0 5.872957793090337e-41
965.0 5.81455675394536e-41
975.0 4.841493036860119e-41
985.0 6.78847158327501e-41
995.0 4.4764780933347597e-41
1005.0 5.408508950147587e-41
1015.0 4.715917640046733e-41
1025.0 2.1816658090849054e-41
1035.0 4.868012289013495e-41
1045.0 5.151545521679053e-41
1055.0 4.787660239275018e-41
1065.0 4.4779024505465704e-41
1075.0 4.730618254266186e-41
1085.0 1.8889578430276252e-41
1095.0 4.1604022037115017e-41
1105.0 3.8958178059574305e-41
1115.0 4.2742534374260085e-41
1125.0 4.2228111276538915e-41
1135.0 3.6722206722808825e-41
1145.0 3.399358233207488e-41
1155.0 4.084922447638625e-41
1165.0 4.0109366325837794e-41
1175.0 3.3771444851935096e-41
1185.0 3.0376734196927076e-41
1195.0 2.9162170367462847e-41
1205.0 2.873196056949098e-41
1215.0 1.1402211545897254e-41
1225.0 2.7790551687913896e-41
1235.0 2.9970684829360554e-41
1245.0 2.8806312496406065e-41
1255.0 2.8447549206628456e-41
1265.0 2.495673914674493e-41
1275.0 2.5597120633902233e-41
1285.0 2.7605880736302874e-41
1295.0 2.3421171030594633e-41
1305.0 2.232882565985116e-41
1315.0 2.457543127466841e-41
1325.0 2.431315327302429e-41
1335.0 2.130414945509159e-41
1345.0 2.339829726545328e-41
1355.0 2.0418463669881344e-41
1365.0 1.8292679398631935e-41
1375.0 1.8322729267091024e-41
1385.0 1.9322482030615008e-41
1395.0 1.6719313835534675e-41
1405.0 1.63663270011362e-41
1415.0 1.7830304117679883e-41
1425.0 1.8507413385115285e-41
1435.0 1.7208882931009656e-41
1442.0 1.626560100012587e-41
1447.0 1.6161286088624467e-41
1455.0 1.5305001087593991e-41
1465.0 1.433867286721047e-41
1475.0 1.4636183264575087e-41
1485.0 1.5639480875396696e-41
1495.0 1.396809900108026e-41
1505.0 1.3926320788041496e-41
1512.0 1.399420960063036e-41
1517.0 1.3574269857949954e-41
1525.0 1.508566323463529e-41
1535.0 1.3200303285605005e-41
1545.0 1.5349167443750587e-41
1555.0 1.188889596422285e-41
1565.0 1.437963463987783e-41
1575.0 1.228602173741328e-41
1585.0 1.4041590373312685e-41
1595.0 1.1895635951727263e-41
1605.0 1.1291407467734685e-41
1615.0 1.09214774891288e-41
1625.0 1.0744128404727218e-41
1635.0 1.0930703400644202e-41
1645.0 1.0974403280749332e-41
1655.0 1.0733995270164247e-41
1665.0 1.146789442439358e-41
1672.0 1.0523182805265601e-41
1677.0 1.4772809835300933e-41
1685.0 1.4984514860615884e-41
1695.0 1.4998304366397107e-41
1705.0 1.5594313037324127e-41
1715.0 1.9776185359802174e-41
1725.0 2.14038762660733e-41
1735.0 2.647583688453907e-41
1745.0 2.7739499987835076e-41
1755.0 3.809632552768066e-41
1765.0 3.0501848681885423e-41
1775.0 3.681594499752304e-41
1785.0 4.2365196833930286e-41
1795.0 6.242052860994339e-41
1805.0 5.173383561172455e-41
1815.0 4.805476141881473e-41
1825.0 5.460106924199836e-41
1835.0 5.319562785881584e-41
1845.0 3.8078305331122013e-41
1855.0 6.197699993189666e-41
1865.0 8.169330388882785e-41
1875.0 7.908346805674139e-41
1885.0 8.279804424891072e-41
1895.0 1.0586371178391944e-40
1905.0 9.885561906198186e-41
1915.0 1.0691339596044848e-40
1925.0 8.505202663808492e-41
1935.0 4.2479268967793967e-41
1945.0 1.2365565912078948e-40
1955.0 1.297544307579703e-40
1967.0 1.6394571753450028e-40
1976.0 1.386739705746581e-40
1984.0 1.805001078626209e-40
1995.0 1.9101359312270104e-40
2005.0 1.721111796228157e-40
2015.0 1.8086607248054556e-40
2025.0 1.4161031401084389e-40
2035.0 2.0854763843052615e-40
2045.0 2.3969863214276875e-40
2055.0 2.2411170601928806e-40
2065.0 2.1030980328568254e-40
2074.0 2.4701871724671875e-40
2078.0 5.377093624038432e-40
2085.0 6.8464756637678195e-40
2095.0 6.224166789610075e-40
2105.0 5.716742314103535e-40
2115.0 6.468169354628723e-40
2125.0 5.563677414237008e-40
2135.0 5.078999236739193e-40
2145.0 6.833262893229741e-40
2155.0 6.931860041522738e-40
2165.0 5.811358087286478e-40
2175.0 6.025196511680234e-40
2185.0 7.65119009924442e-40
2195.0 7.6240683001938e-40
2205.0 7.264586074815992e-40
2215.0 5.2862281994880856e-40
2225.0 6.173828120154175e-40
2235.0 8.533302627340016e-40
2245.0 8.021942175435577e-40
2255.0 5.764803697286514e-40
2265.0 5.455656392787459e-40
2275.0 6.2953079598918265e-40
2285.0 8.534060303190536e-40
2295.0 6.9722462458184215e-40
2305.0 8.717409045597203e-40
2315.0 7.139791910422782e-40
2325.0 5.26554982563932e-40
2335.0 4.311938851113024e-40
2345.0 2.552063504652744e-40
2355.0 6.105392458211806e-40
2365.0 2.926477809745193e-40
2375.0 4.263839274625575e-40
2385.0 2.043425711990593e-40
2395.0 2.83723388103156e-40
2405.0 2.8136996711878963e-40
2415.0 3.781351178313082e-40
2425.0 7.450993448574229e-40
2435.0 7.557365445556554e-40
2445.0 9.161372424772386e-40
2455.0 9.81623816533819e-40
2465.0 8.379816454591915e-40
2475.0 7.327400108266702e-40
2485.0 4.5080440405703415e-40
2495.0 5.533374551887559e-40
2505.0 9.295585682849226e-40
2513.0 3.129732767194151e-40
2518.0 2.2478834017330356e-40
2525.0 2.7258416138441847e-40
2535.0 4.990533697463189e-40
2545.0 5.517212097593714e-40
2555.0 1.0151007203020063e-39
2565.0 7.2820800789570384e-40
2575.0 9.375802959157452e-40
2585.0 8.102141520522945e-40
2595.0 7.0163664613685035e-40
2605.0 5.853885824328019e-40
2615.0 5.128861861205873e-40
2625.0 7.661385348808706e-40
2635.0 1.3651292330686336e-39
2645.0 1.9334391639166314e-39
2655.0 2.5412396645740815e-39
2665.0 1.6248140420278764e-39
2675.0 1.8925213259523505e-39
2685.0 2.1242100996457195e-39
2695.0 1.6053582366818788e-39
2705.0 1.963346902605231e-39
2715.0 1.4291352062308791e-39
2725.0 1.2435917499834336e-39
2735.0 1.5238355015227626e-39
2745.0 7.376385380659224e-40
2755.0 1.0420166572922474e-39
2765.0 1.3910680992466271e-39
2775.0 1.5305023269887713e-39
2785.0 8.470000923334712e-40
2795.0 3.1624328143919943e-40
2805.0 4.015873589905234e-40
2815.0 1.3303342231505606e-39
2825.0 2.0934148589086542e-39
2835.0 2.05531862214183e-39
2845.0 1.6598165903637754e-39
2855.0 9.534188818327835e-40
2865.0 2.226919373425834e-39
2875.0 2.6848257352554953e-39
2885.0 2.38892004065619e-39
2895.0 2.7275660034421053e-39
2910.0 3.5823785129262845e-39
2930.0 3.14741644118915e-39
2950.0 2.991143198094278e-39
2970.0 3.230591337474057e-39
2990.0 3.264869380687346e-39
3010.0 3.4232150129861965e-39
3030.0 3.491554858304689e-39
3050.0 3.647223537656714e-39
3070.0 3.801736200976318e-39
3090.0 3.825244684242211e-39
3110.0 4.126320998797553e-39
3130.0 3.940679778616503e-39
3150.0 3.88214176706533e-39
3170.0 4.1757694394578126e-39
3190.0 3.6596335211719397e-39
3210.0 4.099184432467774e-39
3230.0 3.454431609152619e-39
3250.0 4.56073533827736e-39
3270.0 5.211251750377721e-39
3290.0 5.085064587550574e-39
3310.0 4.9515365695434354e-39
3330.0 5.024705604271748e-39
3350.0 4.908088089843241e-39
3370.0 3.979575018189543e-39
3390.0 4.418072570697367e-39
3410.0 4.492966460019022e-39
3430.0 4.63632487395904e-39
3450.0 4.86603126776159e-39
3470.0 4.959289255437996e-39
3490.0 5.372798669426592e-39
3510.0 5.6397426052111895e-39
3530.0 5.1821136668969174e-39
3550.0 5.903686663091909e-39
3570.0 4.4983063776180664e-39
3590.0 4.4821843645145065e-39
3610.0 5.21564878341928e-39
3630.0 5.4095067010042016e-39
3640.0 5.546206003711331e-39
3650.0 6.231328985643296e-39
3670.0 6.349647968273073e-39
3690.0 5.853741355471865e-39
3710.0 6.342161270039593e-39
3730.0 4.930852933669061e-39
3750.0 5.521685865543374e-39
3770.0 6.51880285273432e-39
3790.0 6.830315169680635e-39
3810.0 6.902176766869752e-39
3830.0 4.603588541096519e-39
3850.0 6.168082959889974e-39
3870.0 6.245825664398064e-39
3890.0 6.473268089347431e-39
3910.0 7.605295502473898e-39
3930.0 3.920709481945034e-39
3950.0 6.516528877895503e-39
3970.0 4.508086020140021e-39
3990.0 9.037400240653636e-39
4010.0 9.820606407663485e-39
4030.0 9.83486949580379e-39
4050.0 9.500828045532883e-39
4070.0 9.124781218442628e-39
4090.0 1.0406656159751507e-38
4110.0 9.685862233738217e-39
4130.0 9.938673746835123e-39
4150.0 9.921516979755153e-39
4170.0 9.961867878206124e-39
4190.0 9.79345069181309e-39
4210.0 9.948623737658718e-39
4230.0 9.688562496936923e-39
4250.0 1.0077617658720563e-38
4270.0 9.589208684862619e-39
4290.0 8.984746428198797e-39
4310.0 7.880324938251715e-39
4330.0 1.0452937092660841e-38
4350.0 1.0095917134598519e-38
4370.0 1.1299132707919203e-38
4390.0 1.0277335714676178e-38
4410.0 1.0780532876758833e-38
4430.0 1.140892072529501e-38
4450.0 1.1409969510530515e-38
4470.0 1.205115953402387e-38
4490.0 1.2198449485807286e-38
4510.0 1.3653104280524664e-38
4530.0 1.2126444508829774e-38
4550.0 1.25647800243529e-38
4570.0 1.3456272737523146e-38
4590.0 1.2736242476488466e-38
4610.0 1.3041767902233103e-38
4630.0 1.2749415242202876e-38
4650.0 1.2907551839312967e-38
4670.0 1.3391398496917555e-38
4690.0 1.3124586357640226e-38
4710.0 1.2750641405662125e-38
4730.0 1.3248292292091687e-38
4750.0 1.3566523981623789e-38
4770.0 1.3454967482742877e-38
4790.0 1.3380748985276694e-38
4810.0 1.3315378357516727e-38
4830.0 1.3613309758580185e-38
4850.0 1.277704190283556e-38
4870.0 1.1501777403047918e-38
4890.0 1.3079715563167136e-38
4910.0 1.3108934329961315e-38
4930.0 1.288069894226857e-38
4950.0 1.3408174144050765e-38
4970.0 1.3164032446287513e-38
4990.0 1.2268139172042144e-38
5010.0 1.1711207035029886e-38
5030.0 1.2399511951955504e-38
5050.0 1.241041493262762e-38
5070.0 1.2972803941902691e-38
5090.0 1.2343242193215962e-38
5110.0 1.2603812635814292e-38
5130.0 1.222835262993518e-38
5150.0 1.1765205760687462e-38
5170.0 1.0908069906876314e-38
5190.0 1.1170957096737395e-38
5210.0 1.188794081605343e-38
5230.0 1.2487170837187732e-38
5250.0 1.297538714814899e-38
5270.0 1.1604047037873496e-38
5290.0 1.3128431743489995e-38
5310.0 1.379981110475755e-38
5330.0 1.2348582518915914e-38
5350.0 1.3367337893520376e-38
5370.0 1.3340522621487208e-38
5390.0 1.3048792377889215e-38
5410.0 1.2800697864956435e-38
5430.0 1.2981112576374315e-38
5450.0 1.3283475388745107e-38
5470.0 1.295795079704489e-38
5490.0 1.302439996374328e-38
5510.0 1.2892056186646194e-38
5530.0 1.3239864605238395e-38
5550.0 1.3447872113449114e-38
5570.0 1.3191416412016277e-38
5590.0 1.2771920254380473e-38
5610.0 1.3197965726498417e-38
5630.0 1.3084912404491362e-38
5650.0 1.319893757837476e-38
5670.0 1.2939890557301198e-38
5690.0 1.331467110124169e-38
5710.0 1.2981210877477904e-38
5730.0 1.394440171539996e-38
5750.0 1.34527773678011e-38
5770.0 1.3608064446411385e-38
5790.0 1.3159092691688507e-38
5810.0 1.360707792038757e-38
5830.0 1.3884339116879498e-38
5850.0 1.344334987423554e-38
5870.0 1.3438480912621157e-38
5890.0 1.2356001122484833e-38
5910.0 1.3208215937491037e-38
5930.0 1.3213721103684414e-38
5950.0 1.3216472442649006e-38
5970.0 1.338137722835518e-38
5990.0 1.3222461795996967e-38
6010.0 1.307745093870627e-38
6030.0 1.3368120732737904e-38
6050.0 1.360360674535692e-38
6070.0 1.3579126268573332e-38
6090.0 1.3169126560145998e-38
6110.0 1.323793781261125e-38
6130.0 1.2579609279149725e-38
6150.0 1.2768841417781433e-38
6170.0 1.2182454343126679e-38
6190.0 1.2740702897498943e-38
6210.0 1.2628629276117644e-38
6230.0 1.225225264277237e-38
6250.0 1.187412415511579e-38
6270.0 1.2460074480865347e-38
6290.0 1.2678459300132013e-38
6310.0 1.2411917426665314e-38
6330.0 1.2624125910901724e-38
6350.0 1.2705260692286324e-38
6370.0 1.266473217841141e-38
6390.0 1.2855697704824098e-38
6410.0 1.2638361094732494e-38
6430.0 1.2733032082319807e-38
6450.0 1.271113667760081e-38
6470.0 1.266751606857371e-38
6490.0 1.2443210889570084e-38
6510.0 1.2841458700112218e-38
6530.0 1.285143104674201e-38
6550.0 1.2451099477687542e-38
6570.0 1.1520028899047988e-38
6590.0 1.25472964082285e-38
6610.0 1.270734293867942e-38
6630.0 1.2539464470293658e-38
6650.0 1.2448111325126576e-38
6670.0 1.217781076811733e-38
6690.0 1.237779599909753e-38
6710.0 1.193467369193997e-38
6730.0 1.2194329134808686e-38
6750.0 1.2009176345305088e-38
6770.0 1.2098259836934335e-38
6790.0 1.2009833473448555e-38
6810.0 1.2048680079907742e-38
6830.0 1.2184127457531433e-38
6850.0 1.1926685136399189e-38
6870.0 1.2121401094430715e-38
6890.0 1.2296657329262717e-38
6910.0 1.23039432786356e-38
6930.0 1.2249092958065827e-38
6950.0 1.2252105213747022e-38
6970.0 1.2401086332260194e-38
6990.0 1.2385816801726003e-38
7010.0 1.2170607085400352e-38
7030.0 1.2355994498155758e-38
7050.0 1.215637668729235e-38
7070.0 1.1726884734096241e-38
7090.0 1.1456692796024757e-38
7110.0 1.1224927113013843e-38
7130.0 1.1001553657617517e-38
7150.0 1.0991832346907859e-38
7170.0 1.1118088184410451e-38
7190.0 1.0920892066270539e-38
7210.0 1.1243719168552727e-38
7230.0 1.1452240706609237e-38
7250.0 1.1594452001227609e-38
7270.0 1.1696501409712503e-38
7290.0 1.1578860905494405e-38
7310.0 1.196957070371408e-38
7330.0 1.2046812869471805e-38
7350.0 1.2153362787274515e-38
7370.0 1.2425726470081448e-38
7390.0 1.2209478908988627e-38
7410.0 1.212984902432971e-38
7430.0 1.2361728250832368e-38
7450.0 1.2380053709775454e-38
7470.0 1.2490960982493454e-38
7490.0 1.2469238473159804e-38
7510.0 1.2583445484186974e-38
7530.0 1.2730203945757928e-38
7550.0 1.2822564017865214e-38
7570.0 1.2702076272202952e-38
7590.0 1.2394426677054648e-38
7610.0 1.2132385811963385e-38
7630.0 1.1955293670080142e-38
7650.0 1.178444442900533e-38
7670.0 1.1328094691170534e-38
7690.0 1.1564284114409965e-38
7710.0 1.1394689074234648e-38
7730.0 1.1463958297825826e-38
7750.0 1.1366662961369958e-38
7770.0 1.1535654651823636e-38
7790.0 1.1582835208648636e-38
7810.0 1.1619196318996358e-38
7830.0 1.1576835562994969e-38
7850.0 1.1467477239317596e-38
7870.0 1.158125317274121e-38
7890.0 1.1475868544184986e-38
7910.0 1.124765982929103e-38
7930.0 1.1248205453575668e-38
7950.0 1.1238319132543745e-38
7970.0 1.153446163701797e-38
7990.0 1.1550843636379624e-38
8010.0 1.1648390180078677e-38
8030.0 1.1745187469536018e-38
8050.0 1.1781261235816035e-38
8070.0 1.1939754431878166e-38
8090.0 1.1899669128916542e-38
8110.0 1.2086577526032157e-38
8130.0 1.238377499779437e-38
8150.0 1.2536534923989914e-38
8170.0 1.259764209406606e-38
8190.0 1.2097392287595005e-38
8210.0 1.2002964160118965e-38
8230.0 1.2043334063455699e-38
8250.0 1.2082250640413595e-38
8270.0 1.2106864621822033e-38
8290.0 1.1936582272791483e-38
8310.0 1.1628241173422998e-38
8330.0 1.158142621842764e-38
8350.0 1.1614386079761427e-38
8370.0 1.1665067618046221e-38
8390.0 1.1333409453233127e-38
8410.0 1.1624225507680486e-38
8430.0 1.1151830590887611e-38
8450.0 1.0941258782467144e-38
8470.0 1.0822655735324038e-38
8490.0 1.0949888329997977e-38
8510.0 1.0570189636908647e-38
8530.0 1.0990549170846153e-38
8550.0 1.0512325654904593e-38
8570.0 1.1217476863297517e-38
8590.0 1.1065939925841528e-38
8610.0 1.1148144656092193e-38
8630.0 1.1366950546651723e-38
8650.0 1.1407777360969359e-38
8670.0 1.0680210018971928e-38
8690.0 1.1136384217813578e-38
8710.0 1.1486065747890201e-38
8730.0 1.1587244645087734e-38
8750.0 1.1491099153249461e-38
8770.0 1.1761818005974556e-38
8790.0 1.1864966390278984e-38
8810.0 1.1752591828632083e-38
8830.0 1.1894760938134916e-38
8850.0 1.1849914873811597e-38
8870.0 1.1231328617586978e-38
8890.0 1.1335493533115783e-38
8910.0 1.1499883341443379e-38
8930.0 1.1381958013627469e-38
8950.0 1.1376709334067443e-38
8970.0 1.146007041622551e-38
8990.0 1.1590924074562912e-38
9010.0 1.1326125340072434e-38
9030.0 1.1693332822017933e-38
9050.0 1.201004360876615e-38
9070.0 1.201038052672359e-38
9090.0 1.1822897820231287e-38
9110.0 1.1975610772040375e-38
9130.0 1.2200300293277293e-38
9150.0 1.2169685863541515e-38
9170.0 1.2136284199890708e-38
9190.0 1.2148970493335824e-38
9210.0 1.1725930659871931e-38
9230.0 1.1381537401829746e-38
9250.0 1.1302648316080251e-38
9270.0 1.1341754749407662e-38
9290.0 1.1194307669908411e-38
9310.0 1.1179031975690472e-38
9330.0 1.1117204426716489e-38
9350.0 1.1036379459558487e-38
9370.0 1.088256637746731e-38
9390.0 1.0986469090432572e-38
9410.0 1.0844803061214778e-38
9430.0 1.113219994977285e-38
9450.0 1.1008977472681464e-38
9470.0 1.1184346186239702e-38
9490.0 1.1269469396014345e-38
9510.0 1.123603037062452e-38
9530.0 1.1302283558306223e-38
9550.0 1.1062214937070659e-38
9570.0 1.119274258997182e-38
9590.0 1.1265971979776697e-38
9610.0 1.1112932610958065e-38
9630.0 1.1174910462898602e-38
9650.0 1.101728396977976e-38
9670.0 1.0957525721783602e-38
9690.0 1.1058845215059977e-38
9710.0 1.100892529473727e-38
9730.0 1.0901600739020032e-38
9750.0 1.078974749214034e-38
9770.0 1.083977973906938e-38
9790.0 1.0697482763827526e-38
9810.0 1.0970674243345458e-38
9830.0 1.0889304003069684e-38
9850.0 1.0970217462765761e-38
9870.0 1.0964385979508125e-38
9890.0 1.0995045587544977e-38
9910.0 1.0826205052967636e-38
9930.0 1.0891138102141087e-38
9950.0 1.0963972179741582e-38
9970.0 1.1062856214695692e-38
9990.0 1.1032180366094031e-38
10025.0 1.0917243947930083e-38
10075.0 1.0829282634854369e-38
10125.0 1.0963998086988337e-38
10175.0 1.0830497999938833e-38
10225.0 1.0896804648713636e-38
10275.0 1.086440739079938e-38
10325.0 1.0753283529229831e-38
10375.0 1.0749402653632508e-38
10425.0 1.0695779529959757e-38
10475.0 1.0369488580498481e-38
10525.0 1.0123883125034939e-38
10575.0 9.870066732963598e-39
10625.0 9.944333208234768e-39
10675.0 9.901868513857711e-39
10725.0 9.923628728317654e-39
10775.0 9.992858703714906e-39
10825.0 9.948582146769678e-39
10875.0 9.904599551962325e-39
10925.0 9.689571797079908e-39
10975.0 9.509004230991993e-39
11025.0 9.400434818970466e-39
11075.0 9.186530868814155e-39
11125.0 9.127022568560845e-39
11175.0 9.123756351566736e-39
11225.0 9.183481169251094e-39
11275.0 9.068508886277274e-39
11325.0 8.976500374296423e-39
11375.0 8.866405344194302e-39
11425.0 8.818063192332792e-39
11475.0 8.959513039872395e-39
11525.0 8.926487378955152e-39
11575.0 8.854290677038763e-39
11625.0 8.747745738148688e-39
11675.0 8.716498985849236e-39
11725.0 8.76084789209858e-39
11775.0 8.505256539725715e-39
11825.0 8.558135775445359e-39
11875.0 8.48311363210654e-39
11925.0 8.598750214161883e-39
11975.0 8.325702254423208e-39
12025.0 8.480690602136675e-39
12075.0 8.45494332950238e-39
12125.0 8.462420616328284e-39
12175.0 8.510919249723281e-39
12225.0 8.445315182499769e-39
12275.0 8.371170754719148e-39
12325.0 8.356095157413241e-39
12375.0 8.348426449223468e-39
12425.0 8.225422340771872e-39
12475.0 8.25069105730797e-39
12525.0 8.1467632824236e-39
12575.0 8.187730181514594e-39
12625.0 8.153709420465037e-39
12675.0 8.021481453576591e-39
12725.0 8.098882992263926e-39
12775.0 8.108156350256847e-39
12825.0 7.854940613688669e-39
12875.0 7.938483618678129e-39
12925.0 7.833963256982249e-39
12975.0 7.853855986310062e-39
13025.0 7.818656704706118e-39
13075.0 7.784845792283634e-39
13125.0 7.578174258604562e-39
13175.0 7.640478714010518e-39
13225.0 7.614346187109769e-39
13275.0 7.432226681732281e-39
13325.0 7.003412643927282e-39
13375.0 6.527801221522451e-39
13425.0 6.438908230039693e-39
13475.0 6.519463344613487e-39
13525.0 6.441032938885834e-39
13575.0 6.347520243060908e-39
13625.0 6.307320292897433e-39
13675.0 6.286967837247497e-39
13725.0 6.259491384237077e-39
13775.0 6.213259526592192e-39
13825.0 6.183059910609085e-39
13875.0 6.12089684838437e-39
13925.0 6.04093606440066e-39
13975.0 6.001489501944434e-39
14025.0 5.917371882507848e-39
14075.0 5.908711531377021e-39
14125.0 5.8259880986612345e-39
14175.0 5.781358257103892e-39
14225.0 5.760840050129104e-39
14275.0 5.6385814793239934e-39
14325.0 5.749061299564003e-39
14375.0 5.80259851423003e-39
14425.0 5.75358226701501e-39
14475.0 5.7784471156659686e-39
14525.0 5.76638034419568e-39
14570.0 5.776554748644347e-39
14620.0 5.539991583261773e-39
14675.0 5.6012114774808443e-39
14725.0 5.81401751965649e-39
14775.0 5.7457992133489e-39
14825.0 5.7615640619521815e-39
14875.0 5.723803684098143e-39
14925.0 5.845676098366504e-39
14975.0 5.881802074627346e-39
15025.0 5.671257060869383e-39
15075.0 5.7632578797583856e-39
15125.0 5.8051927274586315e-39
15175.0 5.847807501886889e-39
15225.0 5.991634046746302e-39
15275.0 5.872237195134974e-39
15325.0 5.955116264452666e-39
15375.0 5.96026894377698e-39
15425.0 5.860024807489046e-39
15475.0 6.170582293084299e-39
15525.0 6.224426090072616e-39
15575.0 5.80130658431254e-39
15625.0 6.083685596725002e-39
15675.0 6.200172279677145e-39
15725.0 6.07796806504144e-39
15775.0 5.72124590035433e-39
15825.0 5.980251313001028e-39
15875.0 6.062313761630412e-39
15925.0 6.12795676534074e-39
15975.0 5.985775589778686e-39
16050.0 6.09279417897661e-39
16150.0 6.202964119139118e-39
16250.0 5.888709073156927e-39
16350.0 6.100283218975444e-39
16450.0 5.847346999507108e-39
16550.0 6.047500694997881e-39
16650.0 5.827283355426132e-39
16750.0 5.7842950641219056e-39
16850.0 5.707755724618352e-39
16950.0 5.761100043440735e-39
17050.0 5.608563843018613e-39
17150.0 5.488284702242201e-39
17250.0 5.309809336517445e-39
17350.0 5.111929244194418e-39
17450.0 5.015180863795286e-39
17550.0 4.7065955267838035e-39
17650.0 4.7724399040878536e-39
17750.0 4.3832684390989116e-39
17850.0 4.255872596661458e-39
17950.0 4.3334114558789126e-39
18050.0 4.1718126276893236e-39
18150.0 4.140876405535632e-39
18250.0 4.092513711062306e-39
18350.0 4.035504724815908e-39
18450.0 3.9588231459341233e-39
18550.0 3.916840520268482e-39
18650.0 3.835136342878319e-39
18750.0 3.7491570437933e-39
18850.0 3.734096315394767e-39
18950.0 3.635996126406215e-39
19050.0 3.633672783658959e-39
19150.0 3.57118975732725e-39
19250.0 3.5203904125507825e-39
19350.0 3.443695174737348e-39
19450.0 3.3850380673614125e-39
19550.0 3.2356023104677597e-39
19650.0 3.184950892105664e-39
19750.0 3.070537632596217e-39
19850.0 3.095462504177416e-39
19950.0 3.069093940705677e-39
20050.0 3.0230579935723394e-39
20150.0 2.998767352488775e-39
20250.0 2.9869125132528084e-39
20350.0 2.955750666353475e-39
20450.0 2.949536392660753e-39
20550.0 2.939463909278222e-39
20650.0 2.96434223175026e-39
20750.0 2.9688613284183046e-39
20850.0 2.9721614245302075e-39
20950.0 2.952547406336557e-39
21050.0 2.9799302066629516e-39
21150.0 2.968296901484394e-39
21250.0 2.964159388395336e-39
21350.0 2.9371829834564132e-39
21450.0 2.9278128188073865e-39
21550.0 2.8782685277851023e-39
21650.0 2.8697866670099537e-39
21750.0 2.805013749673014e-39
21850.0 2.7623159009208584e-39
21950.0 2.751744956454048e-39
22050.0 2.6529465584715135e-39
22150.0 2.688034462093672e-39
22250.0 2.634667822709711e-39
22350.0 2.578113302943817e-39
22450.0 2.5505473786886375e-39
22550.0 2.5216484414189285e-39
22650.0 2.430509473122222e-39
22750.0 2.460090576138166e-39
22850.0 2.4061106662764037e-39
22950.0 1.921802977357996e-39
23050.0 2.1280372452935105e-39
23150.0 2.1166873477790944e-39
23250.0 1.830184168346609e-39
23350.0 1.9643284815019878e-39
23450.0 1.8351102573819575e-39
23550.0 1.6826678301594592e-39
23650.0 1.802397146248383e-39
23750.0 1.7121764418635212e-39
23850.0 1.5888544174741306e-39
23950.0 1.6768226737344974e-39
24050.0 1.6435120057520783e-39
24150.0 1.5193791750911177e-39
24250.0 1.548856347442903e-39
24350.0 1.4734743393684075e-39
24450.0 1.4522338760735986e-39
24550.0 1.444401619261821e-39
24650.0 1.4434316874241082e-39
24750.0 1.3830059325922357e-39
24850.0 1.3444968967436329e-39
24950.0 1.2991668182253497e-39
25050.0 1.337789639004447e-39
25150.0 1.281881365615123e-39
25250.0 1.2885957100891004e-39
25350.0 1.3182827164015847e-39
25450.0 1.2922349578845653e-39
25550.0 1.2878708633665567e-39
25650.0 1.3100499014825943e-39
25750.0 1.3250931128976621e-39
25850.0 1.3166184600498779e-39
25950.0 1.3906350171666815e-39
26050.0 1.3739755959964563e-39
26150.0 1.3765004421766714e-39
26250.0 1.2982450097349654e-39
26350.0 1.2971953198294535e-39
26450.0 1.2772917287598942e-39
26550.0 1.2633554551092728e-39
26650.0 1.2483806191898032e-39
26750.0 1.242759762818592e-39
26850.0 1.219615407183307e-39
26950.0 1.2371954912051413e-39
27050.0 1.2467671994761386e-39
27150.0 1.2054065022419153e-39
27250.0 1.189911669543476e-39
27350.0 1.172893802666582e-39
27450.0 1.1743600763815454e-39
27550.0 1.1930100524473353e-39
27650.0 1.1481486526447099e-39
27750.0 1.1360086635569724e-39
27850.0 1.1192274144052987e-39
27950.0 1.1139813185487956e-39
28050.0 1.0477250410004367e-39
28150.0 1.0874335368672572e-39
28250.0 1.1125256961594514e-39
28350.0 1.098466425794741e-39
28450.0 1.1036273941939022e-39
28550.0 1.0401041858265848e-39
28650.0 1.0270630883085291e-39
28750.0 1.0727756227500698e-39
28850.0 1.0366664015805032e-39
28950.0 1.046247688310016e-39
29050.0 1.0323281023026846e-39
29150.0 1.028493747963028e-39
29250.0 1.0187489182584069e-39
29350.0 1.0111446355135015e-39
29450.0 9.489581134963486e-40
29550.0 9.849983086865236e-40
29650.0 9.374656785903538e-40
29750.0 9.374094708599846e-40
29850.0 9.556674399009645e-40
29950.0 9.461295773773225e-40
30050.0 9.390364065506363e-40
30150.0 9.320441440332989e-40
30250.0 9.230698557291148e-40
30350.0 9.129794516512936e-40
30450.0 9.080359354666696e-40
30550.0 9.009262385765575e-40
30650.0 8.93666994185933e-40
30750.0 8.876134730123413e-40
30850.0 8.789753480555973e-40
30950.0 8.728177516531956e-40
31050.0 8.672517812157664e-40
31150.0 8.585972742573958e-40
31250.0 8.539320721914592e-40
31350.0 8.482032308320464e-40
31450.0 8.425382244832334e-40
31550.0 8.363973518474947e-40
31650.0 8.308296710692005e-40
31750.0 8.263011839961846e-40
31850.0 8.208030916749135e-40
31950.0 8.157489581090558e-40
32100.0 8.07384463786896e-40
32300.0 7.970036831700363e-40
32500.0 7.867769830420644e-40
32700.0 7.765311831943053e-40
32900.0 7.651827645938957e-40
33100.0 7.558381766477398e-40
33300.0 7.457464114841284e-40
33500.0 7.361839584669264e-40
33700.0 7.2577525335994635e-40
33900.0 7.153148007736621e-40
34100.0 7.049648058474188e-40
34300.0 6.95889888972583e-40
34500.0 6.864125787205911e-40
34700.0 6.7636071257527635e-40
34900.0 6.668376133162522e-40
35100.0 6.575617086930542e-40
35300.0 6.481849527520987e-40
35500.0 6.394172269001991e-40
35700.0 6.3060378307158855e-40
35900.0 6.2178479788020474e-40
36100.0 6.141805523799914e-40
36300.0 6.062420466548736e-40
36500.0 5.974144928921501e-40
36700.0 5.897586708017105e-40
36900.0 5.8122528637044215e-40
37100.0 5.736201510693839e-40
37300.0 5.666369411046525e-40
37500.0 5.580357473404426e-40
37700.0 5.519276803535994e-40
37900.0 5.447886808960791e-40
38100.0 5.379258982936896e-40
38300.0 5.306839734583041e-40
38500.0 5.233378624416354e-40
38700.0 5.151112320728051e-40
38900.0 5.0771971051413e-40
39100.0 5.000633126997879e-40
39300.0 4.9179930164995845e-40
39500.0 4.831657553455748e-40
39700.0 4.75170570514205e-40
39900.0 4.657036835838683e-40
40100.0 4.575937845308222e-40
40300.0 4.491033231822665e-40
40500.0 4.3959722666636866e-40
40700.0 4.313376294983196e-40
40900.0 4.221450376541606e-40
41100.0 4.129918502438536e-40
41300.0 4.038326436478445e-40
41500.0 3.944208108475695e-40
41700.0 3.851534772640911e-40
41900.0 3.758892796902465e-40
42100.0 3.6655234286474683e-40
42300.0 3.5826665534266462e-40
42500.0 3.491119807218778e-40
42700.0 3.4067394281931587e-40
42900.0 3.280638280316577e-40
43100.0 3.15642682886319e-40
43300.0 3.098903247585323e-40
43500.0 2.9841287650083373e-40
43700.0 2.8993249493803335e-40
43900.0 2.8270142115060616e-40
44100.0 2.73443820782942e-40
44300.0 2.6678680985638102e-40
44500.0 2.6074541234335893e-40
44700.0 2.533360477673563e-40
44900.0 2.4890232750008448e-40
45100.0 2.43581547437151e-40
45300.0 2.380729317280725e-40
45500.0 2.343849432680944e-40
45700.0 2.3030321950608703e-40
45900.0 2.247082309154111e-40
46100.0 2.228107972740856e-40
46300.0 2.191099821554203e-40
46500.0 2.160240024736131e-40
46700.0 2.141160517752127e-40
46900.0 2.110275587572502e-40
47100.0 2.082008839068746e-40
47300.0 2.070301156206628e-40
47500.0 2.0380732989076073e-40
47700.0 2.019880722904346e-40
47900.0 2.000081589300207e-40
48100.0 1.970977948174918e-40
48300.0 1.96610027795687e-40
48500.0 1.9385654899707793e-40
48700.0 1.9147672306799544e-40
48900.0 1.8957108393592e-40
49100.0 1.8756302711544883e-40
49300.0 1.8591207393586183e-40
49500.0 1.8371318017387158e-40
49700.0 1.8242157845707162e-40
49900.0 1.8001727101541342e-40
50100.0 1.782860026954392e-40
50300.0 1.7651190239819187e-40
50500.0 1.7423370509426452e-40
50700.0 1.7270830725394037e-40
50900.0 1.709259232381271e-40
51100.0 1.6895328780732474e-40
51300.0 1.6739508199215623e-40
51500.0 1.6547341528820902e-40
51700.0 1.6428760277740984e-40
51900.0 1.6233460081744856e-40
52100.0 1.6082009089128437e-40
52300.0 1.5897331010870006e-40
52500.0 1.5774898185145812e-40
52700.0 1.5656908592378113e-40
52900.0 1.5447309256435526e-40
53100.0 1.5294190503661527e-40
53300.0 1.5168453550824844e-40
53500.0 1.5018643740333468e-40
53700.0 1.488229216072875e-40
53900.0 1.4738221226541235e-40
54100.0 1.459737254664792e-40
54300.0 1.4421586673934508e-40
54500.0 1.4318002636933896e-40
54700.0 1.416764990664143e-40
54900.0 1.4034890068575616e-40
55100.0 1.390128144760622e-40
55300.0 1.3841114217122613e-40
55500.0 1.3661292909237648e-40
55700.0 1.359277113716961e-40
55900.0 1.346205244129543e-40
56100.0 1.3365361872230394e-40
56300.0 1.3235889602383172e-40
56500.0 1.3160291877994943e-40
56700.0 1.3072661234756732e-40
56900.0 1.2947801807469748e-40
57100.0 1.2880000876946553e-40
57300.0 1.2784744551413646e-40
57500.0 1.2703139502775349e-40
57700.0 1.2601758524199222e-40
57900.0 1.2527379937732747e-40
58100.0 1.242537771839627e-40
58300.0 1.233902173520372e-40
58500.0 1.2254001054168916e-40
58700.0 1.2151645861008652e-40
58900.0 1.2064730849186168e-40
59100.0 1.1981527578483339e-40
59300.0 1.1900883709631e-40
59500.0 1.1802914211103842e-40
59700.0 1.1726339997427227e-40
59900.0 1.1633501015013992e-40
60100.0 1.1554192879669616e-40
60300.0 1.1462481899416977e-40
60500.0 1.1361354648615222e-40
60700.0 1.1278796963616239e-40
60900.0 1.1190486752318471e-40
61100.0 1.1093476601335603e-40
61300.0 1.10061936581832e-40
61500.0 1.0915854287359355e-40
61700.0 1.0826181382379814e-40
61900.0 1.0724521948369852e-40
62100.0 1.0630743697271915e-40
62300.0 1.0516517139249464e-40
62500.0 1.0403672618844241e-40
62700.0 1.0301101371368683e-40
62900.0 1.0188238786862564e-40
63100.0 1.0075159864208518e-40
63300.0 9.965384884941578e-41
63500.0 9.844870637813383e-41
63700.0 9.728193319521235e-41
63900.0 9.605723938301e-41
64200.0 9.428347101261877e-41
64600.0 9.190605741980178e-41
65000.0 8.959736098123659e-41
65400.0 8.738806856767587e-41
65800.0 8.532803477690114e-41
66200.0 8.333291921483477e-41
66600.0 8.151560338660232e-41
67000.0 7.98301326945206e-41
67400.0 7.829472428733534e-41
67800.0 7.690623099409002e-41
68200.0 7.564600872877011e-41
68600.0 7.455348094839891e-41
69000.0 7.350302453959973e-41
69400.0 7.253306699782348e-41
69800.0 7.163292353312317e-41
70200.0 7.082869382705543e-41
70600.0 7.009746670346311e-41
71000.0 6.931991109220317e-41
71400.0 6.862643134281027e-41
71800.0 6.789029368706426e-41
72200.0 6.716498909192883e-41
72600.0 6.642309453691614e-41
73000.0 6.568834157997899e-41
73400.0 6.497608653854196e-41
73800.0 6.423279703175686e-41
74200.0 6.352417436251152e-41
74600.0 6.278707504842029e-41
75000.0 6.207835877882101e-41
75400.0 6.16104039898667e-41
75800.0 6.116894094695212e-41
76200.0 6.075802425592564e-41
76600.0 6.034237357711938e-41
77000.0 5.992970354236394e-41
77400.0 5.956620897327267e-41
77800.0 5.920746281353252e-41
78200.0 5.881382962156799e-41
78600.0 5.845155369815118e-41
79000.0 5.811642317000808e-41
79400.0 5.776989603356706e-41
79800.0 5.743632080053935e-41
80200.0 5.726759760666607e-41
80600.0 5.729047661499978e-41
81000.0 5.734669337672876e-41
81400.0 5.735335867757626e-41
81800.0 5.732818942041449e-41
82200.0 5.727783810872942e-41
82600.0 5.723136573023198e-41
83000.0 5.736155413427204e-41
83400.0 5.724476517832567e-41
83800.0 5.715129428905008e-41
84200.0 5.710891714889341e-41
84600.0 5.701035833801645e-41
85000.0 5.694446367526704e-41
85400.0 5.823180829813185e-41
85800.0 5.930463570257008e-41
86200.0 6.032562954068719e-41
86600.0 6.134497391374801e-41
87000.0 6.216466742931652e-41
87400.0 6.293043632780425e-41
87800.0 6.368589905515311e-41
88200.0 6.445507819862303e-41
88600.0 6.506434600312787e-41
89000.0 6.582518678641788e-41
89400.0 6.636408903660722e-41
89800.0 6.692753399619963e-41
90200.0 6.756382671474992e-41
90600.0 6.835425270025563e-41
91000.0 6.904265561536851e-41
91400.0 6.967630598170234e-41
91800.0 7.015064242558277e-41
92200.0 7.063152967139999e-41
92600.0 7.1024973505239e-41
93000.0 7.130679269449427e-41
93400.0 7.151265518342545e-41
93800.0 7.170787305346435e-41
94200.0 7.174002993067757e-41
94600.0 7.182264044660437e-41
95000.0 7.179243124472666e-41
95400.0 7.172998591860799e-41
95800.0 7.169911039997183e-41
96200.0 7.157619396815727e-41
96600.0 7.155705652844515e-41
97000.0 7.15233181603074e-41
97400.0 7.130473229425926e-41
97800.0 7.126723099883643e-41
98200.0 7.107057283634257e-41
98600.0 7.098026152587312e-41
99000.0 7.076571974401426e-41
99400.0 7.044461767391133e-41
99800.0 7.026779632314076e-41
100000.0 7.032170251548408e-41
100900.0 6.921121830011526e-41
101900.0 6.816226662172816e-41
102800.0 6.718493012846411e-41
103800.0 6.611067457935623e-41
104700.0 6.503621505124714e-41
105700.0 6.383703786715784e-41
106700.0 6.252590297578109e-41
107600.0 6.121168889982676e-41
108600.0 5.975619972422919e-41
109600.0 5.830858777581956e-41
110700.0 5.67356811297632e-41
111700.0 5.522853501198088e-41
112700.0 5.375223381114661e-41
113800.0 5.197638362861784e-41
114800.0 5.032715058274698e-41
115900.0 4.850862450299355e-41
116900.0 4.644643794661439e-41
118000.0 4.403217488911204e-41
119100.0 4.1565549765477627e-41
120200.0 3.9335692949693127e-41
121300.0 3.771482320605153e-41
122500.0 3.5981092482633764e-41
123600.0 3.457060306828316e-41
124700.0 3.304734375202303e-41
125900.0 3.152868648308446e-41
127100.0 3.0170674969571884e-41
128200.0 2.8900521833253825e-41
129400.0 2.7638429383999533e-41
130600.0 2.6661904082407846e-41
131800.0 2.59634763062698e-41
133000.0 2.5420725461065106e-41
134300.0 2.482364120836925e-41
135500.0 2.4156061618882966e-41
136800.0 2.3644049531720756e-41
138000.0 2.324019277220217e-41
139300.0 2.281017366027601e-41
140600.0 2.2218840762950124e-41
141900.0 2.177251162291832e-41
143200.0 2.137482327805495e-41
144500.0 2.0961666418995245e-41
145900.0 2.0519996225783069e-41
147200.0 2.0419775445018823e-41
148600.0 2.0056885814096868e-41
150000.0 1.9994565806744895e-41
151400.0 2.0182227726561856e-41
152800.0 2.0017219647542919e-41
154200.0 2.0230791193006198e-41
155600.0 2.0078126910690927e-41
157000.0 2.0300396708246718e-41
158500.0 2.0576952448786904e-41
160000.0 2.0457610935447803e-41
161400.0 2.0852458610036073e-41
162900.0 2.0813726931657146e-41
164400.0 2.118028360091553e-41
166000.0 2.1110101411404874e-41
167500.0 2.0975726126076318e-41
169000.0 2.119400505723684e-41
170600.0 2.0966398821765364e-41
172200.0 2.0971178907755455e-41
173800.0 2.0644395563662893e-41
175400.0 2.0473868760588483e-41
177000.0 2.0133392241615225e-41
178600.0 1.9803541083661214e-41
180300.0 1.9645725347052234e-41
182000.0 1.907289928349087e-41
183700.0 1.851321795757345e-41
185400.0 1.806697055107198e-41
187100.0 1.7577865179449804e-41
188800.0 1.7098813005129837e-41
190500.0 1.6664020732982798e-41
192300.0 1.609750318926741e-41
194100.0 1.5559073572159773e-41
195900.0 1.5028915295258961e-41
197700.0 1.4509030882140673e-41
199500.0 1.3957442319896024e-41
201400.0 1.3426569852179274e-41
203200.0 1.295692405694471e-41
205100.0 1.2472670051931804e-41
207000.0 1.2026199636221377e-41
208900.0 1.1582245513100077e-41
210900.0 1.1134040508426216e-41
212800.0 1.0727613574798395e-41
214800.0 1.0320018351984167e-41
216800.0 9.891488788890421e-42
218800.0 9.523865469585394e-42
220800.0 9.190532936971217e-42
222800.0 8.882541714637682e-42
224900.0 8.545419336668436e-42
227000.0 8.269967705938762e-42
229100.0 8.016036961803063e-42
231200.0 7.782340092041567e-42
233300.0 7.561686061228613e-42
235500.0 7.332996629102718e-42
237700.0 7.100306848556447e-42
239900.0 6.89559010363224e-42
242100.0 6.626177035042986e-42
244300.0 6.390682953126115e-42
246600.0 6.146669594775936e-42
248900.0 5.91070569999201e-42
251200.0 5.6812516734251313e-42
253500.0 5.4670605052057084e-42
255900.0 5.233548999501084e-42
258200.0 5.038545449356503e-42
260600.0 4.849145392466171e-42
263000.0 4.6371890982185714e-42
265500.0 4.457363395816987e-42
267900.0 4.2705304226379106e-42
270400.0 4.09498835999029e-42
272900.0 3.982173073640752e-42
275400.0 3.8851115687008023e-42
278000.0 3.772409632559565e-42
280500.0 3.687421667021716e-42
283100.0 3.584674828760408e-42
285800.0 3.4909116675011704e-42
288400.0 3.3889102208346314e-42
291100.0 3.2775909855961795e-42
293800.0 3.1753617717182997e-42
296500.0 3.067996349794227e-42
299200.0 2.967338990358772e-42
302000.0 2.8542021484408506e-42
304800.0 2.7476989655781957e-42
307600.0 2.638082843349815e-42
310500.0 2.5411004878299723e-42
313300.0 2.4549442465402104e-42
316200.0 2.3695989497364888e-42
319200.0 2.285531925991363e-42
322100.0 2.206297672339621e-42
325100.0 2.1183106381988722e-42
328100.0 2.0416520095763537e-42
331100.0 1.9664501818477612e-42
334200.0 1.8809963398626868e-42
337300.0 1.8077452389995342e-42
340400.0 1.735232926394277e-42
343600.0 1.6601586225539858e-42
346700.0 1.5962157563044917e-42
349900.0 1.5263347413177097e-42
353200.0 1.469052454688205e-42
356500.0 1.4159922103712085e-42
359700.0 1.3679026851248495e-42
363100.0 1.3202987814925246e-42
366400.0 1.277200304909172e-42
369800.0 1.235168896842088e-42
373300.0 1.194189271160035e-42
376700.0 1.1561196227462823e-42
380200.0 1.1181101444530104e-42
383700.0 1.0812537273288167e-42
387300.0 1.0438778570377191e-42
390800.0 1.0040884786596796e-42
394500.0 9.679258502253749e-43
398100.0 9.333867641453669e-43
401800.0 8.990332954656865e-43
405500.0 8.647864751700348e-43
409300.0 8.2655140550055e-43
413000.0 7.947039224955766e-43
416900.0 7.624945117367667e-43
420700.0 7.318468155285654e-43
424600.0 7.0011674094057244e-43
428500.0 6.7275232210937945e-43
432500.0 6.4632396309680465e-43
436500.0 6.199011605551256e-43
440600.0 5.969694820393267e-43
444600.0 5.73891157348008e-43
448700.0 5.530351832342669e-43
452900.0 5.30631793259439e-43
457100.0 5.122903577780738e-43
461300.0 4.9211576294800865e-43
465600.0 4.753296359888079e-43
469900.0 4.572076686998145e-43
474200.0 4.396571327752694e-43
478600.0 4.251289808948242e-43
483100.0 4.083716359134812e-43
487500.0 3.93389260675086e-43
492000.0 3.778024762850143e-43
496600.0 3.635962567503271e-43
501200.0 3.492581996278998e-43
505800.0 3.378423363412445e-43
510500.0 3.260742721056633e-43
515200.0 3.1449599377574162e-43
520000.0 3.0292193054116056e-43
524800.0 2.917098853697065e-43
529700.0 2.802798107789715e-43
534600.0 2.6934357448579293e-43
539500.0 2.5890915523924053e-43
544500.0 2.48468203433752e-43
549500.0 2.3913773674445847e-43
554600.0 2.3061534971265767e-43
559800.0 2.2271031089666097e-43
564900.0 2.155075815154445e-43
570200.0 2.079170560693134e-43
575400.0 2.0078800948122842e-43
580800.0 1.9337513079451385e-43
586100.0 1.8639001266955e-43
591600.0 1.7920443443697563e-43
597000.0 1.7267189274192998e-43
602600.0 1.6601861946967517e-43
608100.0 1.600989701539492e-43
613800.0 1.5422928558594094e-43
619400.0 1.4903711931642786e-43
625200.0 1.4396693293380108e-43
631000.0 1.3918653478918316e-43
636800.0 1.3473230016117874e-43
642700.0 1.3020481737294533e-43
648600.0 1.2579578057804759e-43
654600.0 1.213534855100722e-43
660700.0 1.1677901369344969e-43
666800.0 1.1235449092716335e-43
673000.0 1.0791113781558574e-43
679200.0 1.036028429987954e-43
685500.0 9.949014265264586e-44
691800.0 9.567616145785392e-44
698200.0 9.218355926314533e-44
704700.0 8.890023177500439e-44
711200.0 8.594907781689951e-44
717800.0 8.330473293323621e-44
724400.0 8.0597716979616e-44
731100.0 7.80703784214892e-44
737900.0 7.548337582871272e-44
744700.0 7.284962853118743e-44
751600.0 7.021584441850382e-44
758600.0 6.768353937763906e-44
765600.0 6.514950882616829e-44
772700.0 6.280399976863757e-44
779800.0 6.05383591588936e-44
787000.0 5.842367978208592e-44
794300.0 5.630394715249271e-44
801700.0 5.428831827393297e-44
809100.0 5.219460531122903e-44
816600.0 5.015577125387894e-44
824100.0 4.81155286787833e-44
831800.0 4.60584024458614e-44
839500.0 4.40448153085258e-44
847200.0 4.2033978078992517e-44
855100.0 4.012010477876876e-44
863000.0 3.832101797729447e-44
871000.0 3.65455257631591e-44
879000.0 3.4872524271357894e-44
887200.0 3.3224923314825723e-44
895400.0 3.170045291940323e-44
903600.0 3.0259964851762294e-44
912000.0 2.884760814914318e-44
920400.0 2.751118566133364e-44
929000.0 2.623461309238298e-44
937600.0 2.5034470645435654e-44
946200.0 2.3881764988856473e-44
955000.0 2.277295345235927e-44
963800.0 2.1735981009819495e-44
972700.0 2.0717343725774967e-44
981700.0 1.9750075745651786e-44
990800.0 1.87985499804546e-44
1000000.0 1.786486052147498e-44
1009000.0 1.7199696540925605e-44
1019000.0 1.6498995414689424e-44
1028000.0 1.59062489358353e-44
1038000.0 1.5297948297499813e-44
1047000.0 1.4789086004393022e-44
1057000.0 1.4250732674057252e-44
1067000.0 1.3751818284851958e-44
1076000.0 1.3314337715667076e-44
1086000.0 1.284149822271467e-44
1096000.0 1.23730977110396e-44
1107000.0 1.1863706034862586e-44
1117000.0 1.1419499454740838e-44
1127000.0 1.0997019223505692e-44
1138000.0 1.0547563295122883e-44
1148000.0 1.0162691833660065e-44
1159000.0 9.759335592351063e-45
1169000.0 9.416004376196306e-45
1180000.0 9.047745107961528e-45
1191000.0 8.704177413013555e-45
1202000.0 8.366736313938576e-45
1213000.0 8.039797829353483e-45
1225000.0 7.697181002905609e-45
1236000.0 7.40358723320468e-45
1247000.0 7.105882396070753e-45
1259000.0 6.777881878006436e-45
1271000.0 6.46836941609233e-45
1282000.0 6.200393758606484e-45
1294000.0 5.924961989469308e-45
1306000.0 5.684431809607467e-45
1318000.0 5.44958299253398e-45
1330000.0 5.229829051369128e-45
1343000.0 5.0087933424985414e-45
1355000.0 4.8288628531547763e-45
1368000.0 4.633715716317883e-45
1380000.0 4.4531195535245373e-45
1393000.0 4.265677887447702e-45
1406000.0 4.101060328111864e-45
1419000.0 3.930314509443734e-45
1432000.0 3.761874828876609e-45
1445000.0 3.6062904457330763e-45
1459000.0 3.4550225740302535e-45
1472000.0 3.308373352067977e-45
1486000.0 3.171585906520771e-45
1500000.0 3.0283373857660197e-45
1514000.0 2.8925240258460745e-45
1528000.0 2.7735047937698728e-45
1542000.0 2.6501847581156545e-45
1556000.0 2.5418973262882815e-45
1570000.0 2.427784159237165e-45
1585000.0 2.3113294823354538e-45
1600000.0 2.2076456961175998e-45
1614000.0 2.1077114414437192e-45
1629000.0 2.0136195214608474e-45
1644000.0 1.9156393639728095e-45
1660000.0 1.8229445091496403e-45
1675000.0 1.7412828245181836e-45
1690000.0 1.658207872036136e-45
1706000.0 1.5821877592962207e-45
1722000.0 1.5039190508200925e-45
1738000.0 1.4380234332830295e-45
1754000.0 1.369343506977647e-45
1770000.0 1.3113716742695714e-45
1786000.0 1.2565858524633206e-45
1803000.0 1.1947964516260932e-45
1820000.0 1.1414464382414472e-45
1837000.0 1.090813529115006e-45
1854000.0 1.034430691924735e-45
1871000.0 9.871980509139553e-46
1888000.0 9.415009782130125e-46
1905000.0 8.927200082213009e-46
1923000.0 8.483702459269179e-46
1941000.0 8.0694521541134e-46
1959000.0 7.691035810985269e-46
1977000.0 7.328768058955488e-46
1995000.0 6.99550827258495e-46
2014000.0 6.626239375661288e-46
2032000.0 6.342607488870536e-46
2051000.0 6.04389396059807e-46
2070000.0 5.7608653019202296e-46
2089000.0 5.489534185413839e-46
2109000.0 5.2157832189518365e-46
2128000.0 4.970322952077964e-46
2148000.0 4.722506599585077e-46
2168000.0 4.486627824667541e-46
2188000.0 4.262993255060364e-46
2208000.0 4.051280895548945e-46
2228000.0 3.851301628410186e-46
2249000.0 3.6512192394497964e-46
2270000.0 3.4609130660577036e-46
2291000.0 3.281325038259621e-46
2312000.0 3.1113493530116e-46
2333000.0 2.9529362242293737e-46
2355000.0 2.8053018148098907e-46
2377000.0 2.656368358545978e-46
2399000.0 2.513203790954398e-46
2421000.0 2.3776507447816718e-46
2443000.0 2.2518544254239025e-46
2466000.0 2.1364810578480167e-46
2489000.0 2.0180969545100143e-46
2512000.0 1.918649518299699e-46
2535000.0 1.8380897121312208e-46
2559000.0 1.756308369056376e-46
2582000.0 1.6815872843621621e-46
2606000.0 1.6106852138726286e-46
2630000.0 1.5374308990651472e-46
2655000.0 1.4704921222694902e-46
2679000.0 1.4062746974337912e-46
2704000.0 1.3419617602383438e-46
2729000.0 1.282161412414754e-46
2754000.0 1.22453731972135e-46
2780000.0 1.1711182922010543e-46
2805000.0 1.1183212875924788e-46
2831000.0 1.0714925895127596e-46
2858000.0 1.0260824535334856e-46
2884000.0 9.806020976650642e-47
2911000.0 9.403315932441227e-47
2938000.0 9.016698346389201e-47
2965000.0 8.609335397900483e-47
2992000.0 8.254734008622777e-47
3020000.0 7.901760909973785e-47
3048000.0 7.5554649481526825e-47
3076000.0 7.232135469432321e-47
3105000.0 6.89885533405734e-47
3133000.0 6.6057963329031135e-47
3162000.0 6.307551253999777e-47
3192000.0 6.022210819137839e-47
3221000.0 5.752802662646627e-47
3251000.0 5.499826960124651e-47
3281000.0 5.257167324743513e-47
3311000.0 5.028283529834608e-47
3342000.0 4.792278842699677e-47
3373000.0 4.57903991966792e-47
3404000.0 4.377382309003721e-47
3436000.0 4.178846497643891e-47
3467000.0 3.996210154968289e-47
3499000.0 3.8159817817964475e-47
3532000.0 3.631064994395861e-47
3565000.0 3.466031395327235e-47
3597000.0 3.318038306894527e-47
3631000.0 3.1557929317269615e-47
3664000.0 3.0128124004172277e-47
3698000.0 2.880044831946691e-47
3733000.0 2.736314838007578e-47
3767000.0 2.6168106139069104e-47
3802000.0 2.495241610528423e-47
3837000.0 2.3796961139650367e-47
3873000.0 2.267796687965652e-47
3908000.0 2.1703465440716533e-47
3945000.0 2.0674573198531168e-47
3981000.0 1.9722518196473263e-47
4018000.0 1.8842897707575376e-47
4055000.0 1.8001689368962508e-47
4093000.0 1.709850218020984e-47
4130000.0 1.634315954052381e-47
4169000.0 1.5577417952963646e-47
4207000.0 1.4884862546855102e-47
4246000.0 1.416203469699072e-47
4285000.0 1.3474843265067727e-47
4325000.0 1.284600004976848e-47
4365000.0 1.2252947908548103e-47
4406000.0 1.166778509098407e-47
4446000.0 1.1132674093368488e-47
4487000.0 1.0609133257840439e-47
4529000.0 1.0100229931554964e-47
4571000.0 9.591002859842465e-48
4613000.0 9.138577244263414e-48
4656000.0 8.720907906532926e-48
4699000.0 8.291240480314815e-48
4742000.0 7.894209593308686e-48
4786000.0 7.528581372877077e-48
4831000.0 7.132829847642046e-48
4875000.0 6.807816548603704e-48
4920000.0 6.475071221877168e-48
4966000.0 6.169718871330088e-48
5012000.0 5.867234790951424e-48
5058000.0 5.626440367942927e-48
5105000.0 5.366879243479809e-48
5152000.0 5.133795114991763e-48
5200000.0 4.909531515696288e-48
5248000.0 4.6957184288784974e-48
5297000.0 4.4920545081678956e-48
5346000.0 4.296319288441253e-48
5395000.0 4.108588073103062e-48
5445000.0 3.9219202806936514e-48
5495000.0 3.756280636351764e-48
5546000.0 3.5901426880152283e-48
5598000.0 3.431240498926918e-48
5649000.0 3.2807641560615755e-48
5702000.0 3.134383528668312e-48
5754000.0 2.997374115432193e-48
5808000.0 2.865778893784776e-48
5861000.0 2.739611891058422e-48
5916000.0 2.618513987900141e-48
5970000.0 2.5029720871427108e-48
6026000.0 2.3921773917098175e-48
6081000.0 2.2871860575051607e-48
6138000.0 2.1856082100840508e-48
6194000.0 2.0884399258335263e-48
6252000.0 1.995315278061151e-48
6310000.0 1.9073297489163478e-48
6368000.0 1.824038996976725e-48
6427000.0 1.7437684625856852e-48
6486000.0 1.6674296732924794e-48
6546000.0 1.5935650226664363e-48
6607000.0 1.522026915378405e-48
6668000.0 1.4545516447086684e-48
6730000.0 1.3891180704718838e-48
6792000.0 1.327372730587739e-48
6855000.0 1.2697037609535886e-48
6918000.0 1.2131343598868934e-48
6982000.0 1.158131431423805e-48
7047000.0 1.1095240054598914e-48
7112000.0 1.0635885617315188e-48
7178000.0 1.020268788939933e-48
7244000.0 9.780600438477614e-49
7311000.0 9.384095692478568e-49
7379000.0 8.995629411125634e-49
7447000.0 8.630169221559878e-49
7516000.0 8.275200024153205e-49
7586000.0 7.93459842490571e-49
7656000.0 7.609897871179925e-49
7727000.0 7.296391621942442e-49
7798000.0 7.001996869603269e-49
7870000.0 6.711297047005267e-49
7943000.0 6.43580189291688e-49
8017000.0 6.173513777843089e-49
8091000.0 5.917033813756627e-49
8166000.0 5.676290219437461e-49
8241000.0 5.443860722603142e-49
8318000.0 5.220260951510864e-49
8395000.0 5.0068389435946784e-49
8472000.0 4.8022054463875416e-49
8551000.0 4.604473077772185e-49
8630000.0 4.415528184609694e-49
8710000.0 4.236535626442027e-49
8790000.0 4.0619390038807444e-49
8872000.0 3.894995273386778e-49
8954000.0 3.735549783693208e-49
9036000.0 3.5866908709980585e-49
9120000.0 3.438669018596839e-49
9204000.0 3.297472516276092e-49
9290000.0 3.161433473887035e-49
9376000.0 3.034908274133307e-49
9462000.0 2.9082525274168554e-49
9550000.0 2.7913936747829905e-49
9638000.0 2.678774510502179e-49
9727000.0 2.569314910155145e-49
9817000.0 2.463982666994103e-49
9908000.0 2.3630046524473716e-49
10000000.0 2.265831033018904e-49
10090000.0 2.178011883868817e-49
10190000.0 2.0831341274000645e-49
10280000.0 2.0031011576637474e-49
10380000.0 1.918045323353108e-49
10470000.0 1.8464158831930532e-49
10570000.0 1.7690850824089376e-49
10670000.0 1.6957170105585969e-49
10760000.0 1.6333296234335033e-49
10860000.0 1.5674517260787473e-49
10960000.0 1.5040687090334618e-49
11070000.0 1.4376333580996977e-49
11170000.0 1.3806002167436882e-49
11270000.0 1.3265609622315294e-49
11380000.0 1.2695303129618622e-49
11480000.0 1.2205308888187409e-49
11590000.0 1.1685429296486911e-49
11690000.0 1.1246769591305506e-49
11800000.0 1.0778931488808265e-49
11910000.0 1.0340648378882883e-49
12020000.0 9.918896726124125e-50
12130000.0 9.516492369822516e-50
12250000.0 9.106060721536884e-50
12360000.0 8.765013390490277e-50
12470000.0 8.428308646471337e-50
12590000.0 8.06809140315058e-50
12710000.0 7.726656973916089e-50
12820000.0 7.431710927848799e-50
12940000.0 7.129710130155709e-50
13060000.0 6.85723456160163e-50
13180000.0 6.5968054447732e-50
13300000.0 6.350193995467536e-50
13430000.0 6.092569683500495e-50
13550000.0 5.871974380610521e-50
13680000.0 5.638286348021006e-50
13800000.0 5.431376380538662e-50
13930000.0 5.222729586057793e-50
14060000.0 5.025461340373944e-50
14190000.0 4.832144440072454e-50
14320000.0 4.647799594247453e-50
14450000.0 4.475033821474351e-50
14590000.0 4.29982398172173e-50
14720000.0 4.139023927031071e-50
14860000.0 3.9815112873259453e-50
15000000.0 3.8256963602737866e-50
15140000.0 3.677348352920301e-50
15280000.0 3.5387593444932473e-50
15420000.0 3.4055048916763745e-50
15560000.0 3.279897276018012e-50
15700000.0 3.1593899340393716e-50
15850000.0 3.0333110869377277e-50
16000000.0 2.916691152009341e-50
16140000.0 2.811315253016091e-50
16290000.0 2.7048814391928225e-50
16440000.0 2.602662576002439e-50
16600000.0 2.499825928347406e-50
16750000.0 2.4090803391325954e-50
16900000.0 2.3194645648160455e-50
17060000.0 2.2308362905210007e-50
17220000.0 2.1429573355514616e-50
17380000.0 2.0626394195424278e-50
17540000.0 1.9838478517182974e-50
17700000.0 1.9113332150893479e-50
17860000.0 1.840776900914004e-50
18030000.0 1.768730855423737e-50
18200000.0 1.7015843017086157e-50
18370000.0 1.6369432226878802e-50
18540000.0 1.5744721260448744e-50
18710000.0 1.5154406707107338e-50
18880000.0 1.4595401637122512e-50
19050000.0 1.4043335174727101e-50
19230000.0 1.3501349653669987e-50
19410000.0 1.2994149746369254e-50
19590000.0 1.250903493610469e-50
19770000.0 1.2038561312914065e-50
19950000.0 1.1594454192319981e-50
20140000.0 1.1140014128233268e-50
20320000.0 1.0730153536780424e-50
20510000.0 1.0325725800028617e-50
20700000.0 9.936753484632167e-51
20890000.0 9.569615650143043e-51
21090000.0 9.194063148304769e-51
21280000.0 8.859058197659662e-51
21480000.0 8.523751321258778e-51
21680000.0 8.20074165503218e-51
21880000.0 7.888740352172067e-51
22080000.0 7.596887978770357e-51
22280000.0 7.319487538888845e-51
22490000.0 7.040845409494831e-51
22700000.0 6.772588004139405e-51
22910000.0 6.520141818055115e-51
23120000.0 6.272101115906848e-51
23330000.0 6.042168904881387e-51
23550000.0 5.814114307365818e-51
23770000.0 5.594449307371584e-51
23990000.0 5.384418192697338e-51
24210000.0 5.18474234938221e-51
24430000.0 4.993519499795518e-51
24660000.0 4.805317088771726e-51
24890000.0 4.619862978255717e-51
25120000.0 4.445848134856311e-51
25350000.0 4.2838696767119823e-51
25590000.0 4.120825414448045e-51
25820000.0 3.9661810893460545e-51
26060000.0 3.818468148097305e-51
26300000.0 3.676115412743102e-51
26550000.0 3.536542086003999e-51
26790000.0 3.406225587678288e-51
27040000.0 3.277484723079574e-51
27290000.0 3.1559247908891184e-51
27540000.0 3.0386547428596805e-51
27800000.0 2.923866742148771e-51
28050000.0 2.8170151354776306e-51
28310000.0 2.712243313596302e-51
28580000.0 2.6083911690121938e-51
28840000.0 2.5115238483897498e-51
29110000.0 2.4155792443536168e-51
29380000.0 2.3257402701155417e-51
29650000.0 2.240587599324529e-51
29920000.0 2.158489211833611e-51
30200000.0 2.077826402082871e-51
30480000.0 2.0001771220626484e-51
30760000.0 1.926250685695738e-51
31050000.0 1.8524445915265245e-51
31330000.0 1.7853280371258361e-51
31620000.0 1.7186817578300172e-51
31920000.0 1.652811109704799e-51
32210000.0 1.593267037702874e-51
32510000.0 1.5334621770815642e-51
32810000.0 1.476216891013812e-51
33110000.0 1.4220529373468867e-51
33420000.0 1.3679826617494218e-51
33730000.0 1.3170037068311976e-51
34040000.0 1.2688771159366174e-51
34360000.0 1.2213663513910611e-51
34670000.0 1.1768436493659323e-51
34990000.0 1.1329298205416789e-51
35320000.0 1.089949444836749e-51
35650000.0 1.049585735076681e-51
35970000.0 1.0117026526260352e-51
36310000.0 9.72926592187895e-52
36640000.0 9.374343159770424e-52
36980000.0 9.029771504612634e-52
37330000.0 8.686889842611701e-52
37670000.0 8.369447034198726e-52
38020000.0 8.056465960236135e-52
38370000.0 7.763371059237599e-52
38730000.0 7.469284645663894e-52
39080000.0 7.197768191692799e-52
39450000.0 6.92685962206413e-52
39810000.0 6.673259962996875e-52
40180000.0 6.4237828086939985e-52
40550000.0 6.1920605033829375e-52
40930000.0 5.965174473466796e-52
41300000.0 5.752693022179112e-52
41690000.0 5.5402293950420314e-52
42070000.0 5.338361787726681e-52
42460000.0 5.143836612955366e-52
42850000.0 4.958827024858306e-52
43250000.0 4.776866606610618e-52
43650000.0 4.600835925691018e-52
44060000.0 4.43128130644371e-52
44460000.0 4.273854649070056e-52
44870000.0 4.1191776752688065e-52
45290000.0 3.966877477792047e-52
45710000.0 3.8210842900604775e-52
46130000.0 3.6827907220526975e-52
46560000.0 3.548629328466384e-52
46990000.0 3.420395153374496e-52
47420000.0 3.296814270243078e-52
47860000.0 3.1744261673459918e-52
48310000.0 3.057468532235972e-52
48750000.0 2.94849683213037e-52
49200000.0 2.84135617803507e-52
49660000.0 2.73750785885892e-52
50120000.0 2.6363322245004485e-52
50580000.0 2.5417131149716305e-52
51050000.0 2.4490205312618677e-52
51520000.0 2.3608208895983543e-52
52000000.0 2.2744939776266402e-52
52480000.0 2.1924310168848474e-52
52970000.0 2.1106588314951076e-52
53460000.0 2.033685139015724e-52
53950000.0 1.9607058755140893e-52
54450000.0 1.8896348660087387e-52
54950000.0 1.8215485341876523e-52
55460000.0 1.7554264281408667e-52
55980000.0 1.6896400064924937e-52
56490000.0 1.6291821071224117e-52
57020000.0 1.5691131930682062e-52
57540000.0 1.5129353633579073e-52
58080000.0 1.4574220683244119e-52
58610000.0 1.4053998798876161e-52
59160000.0 1.352901574220017e-52
59700000.0 1.3045459196934979e-52
60260000.0 1.2565688999661952e-52
60810000.0 1.2114016595802583e-52
61380000.0 1.1669999906286292e-52
61940000.0 1.1252705836300355e-52
62520000.0 1.0833071171027529e-52
63100000.0 1.0438205730454298e-52
63680000.0 1.0063042875684011e-52
64270000.0 9.698578327676868e-53
64860000.0 9.350523424034053e-53
65460000.0 9.012409105034105e-53
66070000.0 8.684061688771229e-53
66680000.0 8.366966728531841e-53
67300000.0 8.056564224633363e-53
67920000.0 7.766363479654497e-53
68550000.0 7.484621242297404e-53
69180000.0 7.215603367166612e-53
69820000.0 6.953676592233638e-53
70470000.0 6.699520121101597e-53
71120000.0 6.45761048385778e-53
71780000.0 6.218731794311879e-53
72440000.0 5.995062638651621e-53
73110000.0 5.77832763683185e-53
73790000.0 5.566828091912369e-53
74470000.0 5.366163623319549e-53
75160000.0 5.171810287933001e-53
75860000.0 4.983529164209309e-53
76560000.0 4.803697246956398e-53
77270000.0 4.626012066588589e-53
77980000.0 4.458898641274034e-53
78700000.0 4.297906399510906e-53
79430000.0 4.1420435706527883e-53
80170000.0 3.991222235058568e-53
80910000.0 3.8471895146589367e-53
81660000.0 3.706237221239449e-53
82410000.0 3.5725374423631115e-53
83180000.0 3.438754990182914e-53
83950000.0 3.3142482660349852e-53
84720000.0 3.195387812587382e-53
85510000.0 3.0787931831994543e-53
86300000.0 2.9675770990194288e-53
87100000.0 2.8600144169179406e-53
87900000.0 2.757290355733196e-53
88720000.0 2.6556802680389177e-53
89540000.0 2.5603465039165895e-53
90360000.0 2.466477438207762e-53
91200000.0 2.3776255204417296e-53
92040000.0 2.291542256577724e-53
92900000.0 2.2077224794617313e-53
93760000.0 2.127687080216248e-53
94620000.0 2.0508668194935974e-53
95500000.0 1.9761256203991362e-53
96380000.0 1.9043894266186768e-53
97270000.0 1.8351209020100146e-53
98170000.0 1.7682098059917622e-53
99080000.0 1.7038019935623836e-53
100000000.0 1.6400279370577455e-53
