metal	bf0	  bf8     chi0    chi8
0.0049  	3.4     3.5     291     291
0.0061  	2.87	  3.02   281     281
0.0068  	2.64	  2.75   275     275
0.0077  	2.48   2.6     275     275
0.0085  	2.48   2.6     273     273
0.0096  	2.48   2.6     272     272
0.0106  	2.4     2.52   275     275
0.012   	2.3     2.4     280     279
0.0132  	2.2     2.3     282     282
0.014   	2.11   2.26   284     285
0.015   	2.05   2.15   287     287

ages=[2.4,2.48,2.52,2.6,2.87,3.02]

age=[0.5, 0.84, 1.37, 1.52, 1.72, 1.8, 1.85, 1.95 ,2.11, 2.2, 2.26, 2.3, 2.35, 2.38, 2.4,2.44,2.48,2.52, 2.56,2.6, 2.64, 2.68,
     2.7, 2.75, 2.79, 2.81,2.87, 2.95,3.02, 3.12, 3.35, 3.45, 3.56, 4.62, 6.0]
