wv flux sim_flux error best_fit_flux
0.6024954888205943 0.0020940166285568374 0.0014886241000072837 0.00138877622415305 3.624365856127142e-05
0.6798774834927327 0.001058991553636533 0.0010876792690487113 0.0013949618305829315 3.2834231374720664e-05
0.6860332854009485 0.0011752449452848682 0.00200431756412122 0.0013961212213511134 3.442470115991347e-05
0.6923358270925476 0.001272744545841501 0.0028809088754200114 0.0013970789032344423 3.558912427931374e-05
0.6988053151311685 0.0013075894356957916 0.001016057706324521 0.0013973836709568433 3.615759856350576e-05
0.7054351170328494 0.0013072612954633841 0.00413001031555106 0.0013973247037175457 3.6716006211033334e-05
0.7122254455746909 0.0013376299406763347 0.0004584836210727955 0.001397584950234924 3.739333140736407e-05
0.7191798349391124 0.0013444415957106646 0.0016544089252658956 0.0013976006961408233 3.672946685226069e-05
0.7263172675803488 0.0013248148078130102 0.000925372514748668 0.0013973374421752819 3.541834634805405e-05
0.7336442399236287 0.0014325984641247657 0.001660666004009544 0.0013983567347981422 3.76138288532908e-05
0.7411476866192758 0.0017074978840437576 0.0008020776995947739 0.0014010405445105362 4.299300247512871e-05
0.74885536987851 0.0020058541782625515 0.00020064560572091304 0.0014039232741651358 4.758008711722515e-05
0.7567638769608438 0.0022380910571337636 0.003265044691564487 0.0014061164586551924 5.0541459479633665e-05
0.7648753543529766 0.0024348580932414075 0.0019405777122390071 0.001407944786809807 5.303851081468041e-05
0.7732105969224792 0.0025549497729978575 0.004049437385079178 0.0014090026473305615 5.5247891519486566e-05
0.7817620224044457 0.0026285699137988507 0.0016190436475057722 0.0014095946289301043 5.791978414965085e-05
0.7905437278998475 0.0027402682502900844 0.003035831578176237 0.0014105507974064189 6.171266025855088e-05
0.7995682990835928 0.0028822796073607387 0.00535235913529003 0.0014117878422276245 6.615230806374555e-05
0.8088270674333922 0.0029942646258373255 -0.00041651473579273337 0.0014127228369992723 7.030799645093881e-05
0.8183418088138193 0.003027592974756796 0.0037315914297168175 0.0014128925082158687 7.401215862780872e-05
0.8281213710495698 0.0030501861073865466 0.0018343670253947789 0.0014129532630748128 7.767765740563523e-05
0.8381632252130756 0.00314384533137733 0.0009228704554710165 0.0014136831410667945 8.300474526036063e-05
0.8484769844805841 0.0032681236117000204 0.004754583078092951 0.001414683962136653 9.199182043353286e-05
0.8590716213638419 0.003410068746067382 0.00518371770525584 0.0014158318849339024 0.00010571384869904806
0.8699550721065319 0.003568154158663996 0.008683010606994102 0.0014171143850824383 0.00012368224819394943
0.8811345691434173 0.00368643450694965 0.004846200155692741 0.001418006349598221 0.00014554606812573962
0.8926164059756965 0.0038143508589880823 0.0033834119949930673 0.0014189758936324014 0.00018778188822789294
0.904406016120264 0.0039250893632754285 0.005164312002421388 0.0014197635894203236 0.0003056415178268294
0.9165078232919142 0.004141346389599282 0.006298029294798365 0.0014214767206431763 0.0005693362329339092
0.9289255380224837 0.004650384957213492 0.0034149867917000953 0.0014257704312081556 0.0009667910527941499
0.9416800844295095 0.005492182200128461 0.0044269292438520735 0.0014329373176584772 0.0015163287572870622
0.954757922890753 0.006410847556018118 0.004499644227054801 0.0014406555208410228 0.002108309840721391
0.9681655972814562 0.00699700701417986 0.008528561530930017 0.0014453178093893522 0.0025111444150488714
0.9819158207688717 0.007717199748693085 0.0073628005547729004 0.0014509867967045216 0.0032151474527032644
0.9959981927370158 0.00984418412143912 0.009796281343356032 0.0014684330241103221 0.005466279804966233
1.0104222177520512 0.013705809754732508 0.012695900364554183 0.0014997810276645965 0.009623767735230564
1.0251871827790946 0.018074247170309414 0.02126501296168804 0.0015341377367793759 0.014372107849776246
1.0402862726990512 0.022463470841489426 0.020081632303629075 0.0015675327377307618 0.01903929004699928
1.0557198281924247 0.026664078393400282 0.03018523585334095 0.001598421292050156 0.02332947336477708
1.0714898376307211 0.03092669274944507 0.034263565167243604 0.001628921722861805 0.027683065491344357
1.0875877163842513 0.034033220489120046 0.03301236791566335 0.0016500657890353128 0.030989031372506495
1.104006533920936 0.03586298816349464 0.037939661038101806 0.0016613571842856803 0.032940935562185976
1.1207395248796759 0.03932886914607388 0.03893373374294545 0.0016841738061544322 0.03652199763267522
1.1377781502879116 0.04361846008798584 0.04254680270155331 0.0017120952865232238 0.041016616187171416
1.1551158212859407 0.04793523951137103 0.04786088182065322 0.0017392685226307984 0.0454614650526851
1.1727403237610945 0.05434654733303415 0.05189855505565461 0.0017797506940832241 0.05209191241300308
1.190638059814936 0.059691568386993236 0.06077660109852279 0.0018119382909968095 0.057768086856479495
1.208795814444236 0.06275804221144324 0.060493832419279275 0.001828444923516138 0.06095595407134256
1.2272038274968164 0.0684472789286529 0.06863971643725732 0.0018612380782250747 0.06673243145564871
1.2458459059263047 0.07590859418994556 0.07667507390805868 0.001904127009274542 0.0743074548900673
1.2647046149609256 0.07906735604797259 0.08034010856238731 0.001919674342956917 0.07743483463367744
1.2837703169412418 0.07906422331511094 0.07690194882867485 0.001915965819322715 0.0772868693964305
1.3030203614670928 0.08005335862763711 0.08131256812564504 0.0019184379339253 0.07828248156464021
1.3224455259176782 0.08067131401627498 0.08005055160524165 0.0019186867702704997 0.07915643279389059
1.3420237208724042 0.07987589191535498 0.08353501705311729 0.001910577530599837 0.07860042934679502
1.3617432290662455 0.07851384691837895 0.0790531240231759 0.001899402214863871 0.07741323577235153
1.3815854704877728 0.07355590418067326 0.073707596682256 0.0018671794919678539 0.07274640118570329
1.4015354314822852 0.06438812686351043 0.06935867109130645 0.001809590522211887 0.06375987535667249
1.4215790403804203 0.05815055696404414 0.057431348499067426 0.0017691751423420082 0.057417058934136136
1.4416998638203056 0.06102360658878518 0.05864555510185989 0.001783984031856364 0.06005099933163136
1.4618841077787084 0.07024002801993348 0.0707355563539738 0.0018359825761515122 0.06935239697774252
1.48211848098785 0.07383267304548591 0.07447876447766401 0.001853899682734507 0.07335485131924017
1.502388965910429 0.06962806175397356 0.06796382308818726 0.0018265923937850223 0.06928073150266742
1.522683417390884 0.06754414785327148 0.06374695882529609 0.0018117794402630534 0.06698241213258797
1.5429900557396328 0.0718591730187649 0.07110058201799377 0.0018337553068763614 0.07130652953318406
1.5632975284691646 0.08145861311111585 0.08138803778099243 0.001884464649370491 0.08094497483324084
1.5835958392856337 0.09737032932775068 0.09774744511855545 0.0019678457760375695 0.09680375424271119
1.6038747981452106 0.10750682072685389 0.10461412137167785 0.002017958370499471 0.10724087867982796
1.624125605649303 0.10353693966405214 0.10085143251244211 0.001993698755640938 0.10364817914335014
1.6443401332022933 0.09284102535651445 0.09281637146455166 0.0019341431035708185 0.09312948220218317
1.6645096901720602 0.08477639349988245 0.08657052455260379 0.0018879728774210593 0.08485547583736765
1.6846280471972848 0.09084515869280639 0.09291268042570858 0.0019173747743403391 0.0904160132270726
1.70468907000548 0.10999317343089617 0.11311108107371308 0.0020135493494700418 0.10935301196198507
1.724685462473476 0.1286675575867655 0.13041590978150575 0.002103190454122953 0.12790568826131518
1.7446131940256195 0.14233536368015104 0.13977053095183165 0.0021656867379253298 0.14149306727094216
1.7644671558989597 0.14978139141479951 0.15024978720403376 0.0021971903474056792 0.14898032190683075
1.7842419061924712 0.15463487130001227 0.15458563641790188 0.0022161251320241947 0.1537475746288104
1.803935659492312 0.16015486360370595 0.15918520389696247 0.0022381224341196347 0.15913575832686405
1.8235424368753346 0.1660461842441526 0.16825296434348747 0.0022615602970509894 0.16493246885358123
1.8430615360990812 0.17186081584763027 0.17356083807719244 0.002284404150102979 0.17067719494963735
1.862488638859403 0.17606681476306912 0.1735609735831782 0.0022997443221040824 0.17487878136959498
1.8818222487451635 0.1778393509723923 0.1802471667053622 0.0023040356028974245 0.17672683663853503
1.9010600597705933 0.17806646571267135 0.17713488128179275 0.0023014246456558992 0.17705880889867837
1.9202005976983825 0.1784667785405963 0.17923628847656645 0.0022995395536671666 0.17743947962101617
1.9392416443150753 0.18428292841141342 0.18276162849983713 0.002321821211084258 0.1830119386793475
1.9581833135000246 0.19524028519871695 0.1958423374715564 0.002366523707758177 0.19372703931871452
1.9770226975996716 0.20345347763601412 0.20344694052100695 0.002398603324230311 0.20192679813175354
1.995761500765532 0.2046267274828294 0.19942013194686944 0.0023999167527999944 0.20322529004123327
2.0143957914273765 0.20118273098849096 0.19972205463877798 0.002381363263636829 0.1998939350747125
2.032928379962473 0.19988973348771386 0.20076798679511904 0.0023722581015574924 0.1986060924201055
2.051358218685731 0.2028839181027815 0.20617522274741565 0.002381672308002918 0.2015454606684964
2.0696832675906767 0.20834582406232383 0.20948358336847664 0.0024050831556405496 0.2069071619742897
2.087905942681301 0.21460822340445654 0.21381669296168726 0.0024318765917620013 0.21305620826990115
2.106026115143801 0.2196935651161479 0.2230964122932988 0.002453620619526058 0.21813613304538096
2.1240418389552427 0.22069215681942914 0.21680360832883086 0.0024579867673388575 0.21928590132203996
2.1419552292740134 0.21996581210883737 0.22105796276958975 0.002454976882877264 0.21873349695606883
2.159767139031436 0.22421007674675428 0.21917694770196966 0.002472976543218865 0.22288963285146937
2.1774776251839576 0.23600447093130247 0.23259834302577756 0.0025226365836353067 0.23417484636725375
2.19508556156567 0.249013434287245 0.25356839488997857 0.0025767542389368223 0.2467436293714376
2.2125931264332297 0.257644595011231 0.2557878959476839 0.0026122530397791168 0.255465215570899
2.2300012929932276 0.2652731586975267 0.26561751553240626 0.0026432697409313577 0.2635543076398599
2.2473102941785776 0.2830580038947029 0.27642899165157003 0.0027153885705969464 0.28170128148592083
2.2645208970082105 0.3125541742262364 0.3124343375442011 0.0028335948377718905 0.31131078287970715
2.2816341921219743 0.33742143079406245 0.33903187040572874 0.002931406899559325 0.3361969764102428
2.298650096643734 0.35827859814410473 0.35784501697257487 0.0030123406971169454 0.35673997278450226
2.315569618251327 0.38372137934118394 0.3837073246457987 0.0031105280950867453 0.38182417477625996
2.3323939660540756 0.3978989234790995 0.3975781172966185 0.0031646709710908163 0.39590257201806195
2.3491243923001606 0.40192098644641183 0.4004201865172684 0.0031801460380354216 0.3999655368725099
2.3657615906609704 0.3980082672353241 0.39673082271598553 0.00316488359833673 0.3961026293917774
2.3823062444740035 0.4201905148212636 0.4191188633034495 0.0032484115501339047 0.41825909324159966
2.3987595082587663 0.4918864045887319 0.4872147015653176 0.0035155497189055876 0.4911758215560247
2.4151221488343175 0.54954163292012 0.5508599207548821 0.0037252262614292375 0.5508978461698877
2.4313954266178426 0.5521895640579035 0.5489456030724513 0.0037341341734669245 0.5538582517849363
2.4475801092301963 0.5205051451329916 0.518773412512002 0.003618591899369831 0.5206155421276861
2.463676971072206 0.5044830079658055 0.5035757759005033 0.0035595349405704115 0.5035315573960157
2.47968692719503 0.5332797976295648 0.5410698352988701 0.00366463836240409 0.5340994959991547
2.4956105748724764 0.562142138409873 0.5571853996182082 0.0037685926100723866 0.5656203375099282
2.5114494369599494 0.571182320088286 0.5704006496623021 0.0038004080786421374 0.5755315711275695
2.527204771158299 0.576470122699585 0.5785450972417314 0.0038189989518307415 0.5805149332537709
2.542877441856084 0.5808272771655958 0.5856487574915834 0.0038344589811759554 0.5846373083931533
2.558468269541018 0.5750883946607931 0.5774795650790925 0.003813896222146992 0.5787751742584515
2.5739782471830406 0.5511761421677055 0.544852876502968 0.003727843584436945 0.5541359361141246
2.589407280290567 0.5202026838615188 0.5213420718424299 0.0036153012205700137 0.520882025111192
2.6047567598090517 0.5117339728643797 0.5063920609489033 0.0035840102431180837 0.5100694927582221
2.6200282638986985 0.5426293194309972 0.5375460827813736 0.003696183530767726 0.5415986686882761
2.6352229943268437 0.5759738209140007 0.5774546223117893 0.0038152047264386623 0.5772782145055239
2.6503413808814007 0.5923074210969274 0.5901556850935984 0.0038723793894333666 0.5947153847456375
2.66538253346005 0.5974282797656655 0.6003754322970556 0.003889515455122006 0.6000489952496729
2.6803496650198917 0.6017809493756081 0.6036724748615884 0.0039039918894013446 0.6043839000825632
2.695243719244958 0.6103627604995949 0.6070944637302311 0.003933665676555736 0.6127783834650625
2.710063686093753 0.6116127318919674 0.6136469093128689 0.003937230039754312 0.6140330770291239
2.724811209338052 0.6050845800390913 0.6048773244746346 0.003913117484481353 0.6075183058482386
2.7394885399142876 0.6040797719649185 0.6067279943219931 0.003908771182269801 0.6062389361316455
2.754094632753382 0.6064112878700163 0.6114710162731449 0.003916225662737633 0.6081160351723506
2.768630360296619 0.6083889655374659 0.6131967934661033 0.00392247163618424 0.6096807705880792
2.7830984325408172 0.6038434152249922 0.6050334652593905 0.003905552316567795 0.6048286449978869
2.797497053103017 0.5970100668809565 0.6023043381359093 0.003880528146471586 0.5977029419285314
2.8118287945746734 0.5937833601156529 0.5947459056620432 0.0038683324146564085 0.5943322484604499
2.8260946281340553 0.5940957453892013 0.5942821334673376 0.003868678674331563 0.5947032773824592
2.840292923649972 0.5955578667282659 0.5911353363029931 0.003873097891095457 0.5964048804986246
2.8544279691541887 0.5950224565043931 0.5955064297987597 0.0038703902302369645 0.5961975137648882
2.868497040287455 0.5939595300369168 0.5924837336184837 0.003865771943592179 0.5951444511290153
2.8825035654031486 0.5879633618371286 0.5820553794882085 0.003843818734670791 0.5886418849616781
2.896446389084157 0.5624084252916649 0.5579144764234061 0.0037523148196799885 0.5620875555860544
2.910327357438576 0.5202110892521421 0.5203355134785731 0.0035997842842625423 0.5186669723294727
2.924146689012361 0.5104270449674314 0.5114781113572208 0.0035635589535772463 0.5085724237238032
2.9379052357937416 0.539992943317893 0.5408158071088968 0.0036694910566800643 0.5391884018091879
2.95160350493295 0.5612827235948 0.5602228459884449 0.0037443019212538655 0.5615009443895651
2.965242475444429 0.5686605562381646 0.5717744789664602 0.0037693217882782894 0.5692568919528759
2.9788223048867866 0.5676681868008214 0.5735887136905392 0.0037648486323392048 0.5685795892515021
2.992344325678075 0.5575975210607967 0.5582307693918576 0.003728110989052083 0.5587795557190444
3.005807793691948 0.5475890638662539 0.5451556233518354 0.0036915238931856708 0.5487080500845156
3.019216065360288 0.5473089770851779 0.5446497558624207 0.003689691126097356 0.5481653373197349
3.0325658343058235 0.5518036070532233 0.5571558227149399 0.003704853920478152 0.5523659504704358
3.0458614553106824 0.5518372287330473 0.5550210887459415 0.0037040179189935796 0.5521374311343633
3.059100674139672 0.548885364420715 0.5552822062530516 0.003692647952024008 0.548981303433908
3.0722859015842294 0.5433735953165201 0.5410333390228075 0.0036722760920433807 0.5434451146430056
3.0854178490718764 0.5328533553038388 0.5377457391369255 0.003634024687503716 0.5331209965634698
3.0984947055772456 0.5205516318657563 0.5262205401029394 0.0035892460145636406 0.521293778450617
3.111520205292857 0.5153993410128019 0.5155080734229743 0.0035700014280015007 0.5165978846252172
3.1244928282201463 0.5194092228755417 0.5234052813035324 0.0035835805056175195 0.5208119836695155
3.1374130944890766 0.5238353849977707 0.5213365083321599 0.003598530929464507 0.5252376553463296
3.1502832438171673 0.5230178917055506 0.5290722371585275 0.0035946337486563603 0.5242022210588411
3.163101985773601 0.5223952819979948 0.5264405098453819 0.0035913652066904525 0.5232547827474
3.1758704835503755 0.530970821698789 0.5258001262114376 0.003621106563901013 0.5317623020456455
3.188590132675141 0.5353398170743711 0.539674579697284 0.0036356638939394337 0.5365003625189748
3.2012600061213927 0.5343352049353743 0.5288467383167296 0.003631074963143123 0.5355979725368297
3.2138806635609387 0.5355427971868332 0.5377333077798427 0.0036345558549503183 0.5365245122592655
3.226454101322288 0.532522432115586 0.5278243674386706 0.0036230004085661747 0.5333819927617834
3.2389804170599117 0.5261098517058157 0.5232801647994128 0.0035993428140639007 0.5270317715881143
3.251457657503403 0.5244708173254654 0.5210179633516454 0.003592717265060704 0.5254542387064608
3.2638887465820927 0.5261437695661132 0.5243925896645946 0.003597887332263697 0.5271159045861578
3.276274225883945 0.5243160161051714 0.5264541469572752 0.003590560006968367 0.5250792040173571
3.2886142437004127 0.520403489863624 0.5177320923899154 0.003575835655023699 0.5207237305257517
3.3009073422396082 0.5185407318965797 0.5190192807950357 0.003568426635704329 0.5183512256366717
3.31315592083175 0.5187481121038636 0.5225187943072217 0.0035683546326451977 0.5181777950371443
3.325360438009411 0.5195891733070092 0.5219260091942277 0.003570571724280542 0.5189361371566675
3.3375213160109096 0.51683580379966 0.5121728469414243 0.0035600424157318333 0.5164658708724575
3.3496377796074595 0.510916981516663 0.5114873380009335 0.003538231728344586 0.5107985614772407
3.361710695541752 0.5087310227021288 0.5056535248505063 0.0035297428471797693 0.5085147528435223
3.37374099250827 0.5091063804533758 0.5101672197573858 0.0035303642928000037 0.5087194864545566
3.3857293406967894 0.507431790736309 0.5094331346841932 0.0035236440465902627 0.5073080742381301
3.397675745931313 0.5058206445141775 0.5065477768105436 0.003517236250993505 0.5064471188267065
3.409580695210876 0.5056508549843819 0.5077788449321672 0.003515977206099575 0.5069787067502021
3.421443390522118 0.505160267577243 0.5031781005573762 0.0035135030819597275 0.5066641602897544
3.433265326335338 0.5072310331380884 0.507332414708191 0.003520165181580832 0.5082652392589576
3.4450468948571373 0.5087505658357228 0.5061528844760612 0.0035248853144460085 0.5092951861915633
3.4567885232066344 0.5063686244318408 0.5031488751520211 0.0035157639524263685 0.5068109981426142
3.4684903780444096 0.5035539153562526 0.5062039214244352 0.0035051127950775367 0.5040486802952556
3.4801529833544786 0.5044397703787783 0.5000019921084784 0.0035075993411463604 0.5050959992877894
3.4917766623198987 0.5067865229782388 0.5091500456977053 0.00351529522234176 0.5077156264463969
3.503361025889228 0.504054608356187 0.5059256765087649 0.003505063142434284 0.5050332582112628
3.514906891066118 0.4951561171928806 0.49419381182022876 0.003473079889660788 0.4959918636622675
3.526415010814973 0.4830204298947066 0.4812889843042385 0.0034295176173889464 0.4837090544493479
3.5378853751005863 0.4748751789900237 0.47360499694481195 0.00339994625332409 0.47529093474233264
3.5493184210160846 0.4782257420961079 0.4791502725493416 0.003411402557767767 0.4784297259786778
3.5607145919944303 0.48302680487245003 0.49074971961724323 0.0034278587901014914 0.4834940923210751
3.57207395043186 0.484073216222542 0.48923354075319847 0.0034309176396501045 0.4848994470933632
3.5833968633749675 0.4828176919736891 0.4811436754508516 0.003425891192683681 0.4837332811970576
3.594683839325148 0.47940368075695317 0.48439297290914857 0.0034132111401549803 0.48011873445325337
3.6059349450840004 0.47649526579318907 0.4750672581798188 0.003402301014576339 0.47697403257017523
3.6171504863250927 0.477421901158027 0.4745184658707181 0.003405039448420962 0.4779464820056315
3.628330930049432 0.4796332483298951 0.477640781674194 0.003412342179675488 0.480535931218079
3.6394765019877076 0.4785021190185826 0.4797736031701957 0.0034077724579991433 0.4798599568840828
3.6505874563529916 0.4745860516451033 0.4808960212645628 0.003393352780887101 0.4761935166957405
3.6616641396996634 0.4707572898909524 0.47201281866415856 0.0033792966924671855 0.47248436450107695
3.672706880877095 0.46680227248158973 0.46704564992041087 0.003364896626044048 0.468617180941231
3.6837155961085393 0.461081827799326 0.45882480757336846 0.0033442272877284374 0.4627893888073946
3.6946911413219263 0.4548316684781404 0.4471671407087746 0.003321612507324205 0.45617537211213227
3.7056333582418772 0.45130956772071373 0.45063447869921996 0.003308721252923967 0.4522161358802625
3.7165424382736356 0.450178121841776 0.4470346656611944 0.0033044078764482387 0.45083844894935193
3.7274189538404308 0.44649333853830603 0.45206621495315547 0.0032909343490742596 0.4471837925381889
3.738263296810145 0.44016688546366284 0.4438875380283586 0.0032679488519113177 0.4409269867786869
3.7490751772033173 0.4361541186645982 0.43667358307426674 0.0032532136058192394 0.4367767018760118
3.7598555489324887 0.4375561094535444 0.441035825252481 0.0032579370148855236 0.4379160594088616
3.7706041033988855 0.43980217947755407 0.4429419545862869 0.003265654586137967 0.4401559567790296
3.781321316663663 0.43859612652679925 0.43344981032382934 0.0032609444462332756 0.43934411176825156
3.7920076860488168 0.4366661533966791 0.4334954225213879 0.003253701285312206 0.43784041640625654
3.8026628097062605 0.43476690486182734 0.43307630535849045 0.0032465889411291775 0.43594585130656816
3.8132875810777316 0.43269034784703253 0.4350798918758641 0.0032387952487204995 0.4335503493287514
3.8238818022846615 0.43271860891709163 0.4378795457822534 0.0032385870260444095 0.4336066847723971
3.834445843192443 0.43300527523274873 0.4330800287391961 0.00323930579210447 0.4342581761993937
3.844980324561632 0.4314858120163616 0.43750399062623224 0.003233518548712671 0.4329246617635312
3.8554850472017606 0.42994820827553704 0.43249963469792474 0.003227717859155141 0.43128522242336176
3.8659603262000255 0.42781080646381386 0.4317487668296222 0.0032197821172156187 0.4289128036293972
3.8764060327752268 0.424499836138258 0.4228252524478569 0.003207650223110742 0.4253932472128981
3.8868223760375553 0.4199696956347216 0.4169139769501413 0.0031911436550492154 0.42078746603463957
3.8972102412219916 0.41475823841182147 0.4153415617417387 0.0031721120388374466 0.4154743728754688
3.9075692533351796 0.4124402005217156 0.4093511600444726 0.0031636554936968404 0.41289019610866096
3.9179000513192395 0.4056253749516725 0.40417217914830944 0.003139091802786087 0.40584813360348965
3.9282029888604195 0.3852675075572861 0.3862097485703357 0.0030649298576755964 0.3853490771505117
3.9384781325050673 0.36792575975253616 0.3644068110575986 0.003000935218004586 0.36792448957342894
3.9487255510150763 0.3763920964875665 0.37006975593955554 0.0030320298647642176 0.3766390359944657
3.958944737576879 0.39216937596168266 0.39680810534880756 0.0030893877764588042 0.39297279176218486
3.9691364701588947 0.39870240283748526 0.39840311240754384 0.003112705218469252 0.3999071780543098
3.9793013377052904 0.3983147575202762 0.39449277730702037 0.003111014075306552 0.3997504491391117
3.989439215462953 0.3957571391978413 0.3948227404035057 0.003101557485019303 0.39731212752179085
3.9995504523074135 0.3933969219640895 0.39391742672834285 0.003092849962325458 0.39502347976460334
4.009635409840123 0.39155847764449264 0.3926012723522235 0.003086050672614426 0.3933467042208643
4.019693854875027 0.38922609483810705 0.3944577345400507 0.0030774472024700937 0.3912704353899035
4.029725233554681 0.3862882114398914 0.39133102299089884 0.003066609696432513 0.3885432247863625
4.03973070981399 0.38449506081459994 0.3874672380367434 0.003059945568279991 0.3869029100416881
4.049710835537217 0.3838481055351843 0.38537873715159954 0.0030574431221538525 0.38645216304947394
4.059665324591202 0.3837710250319351 0.38815558778957304 0.003057023461645495 0.3865197522640817
4.069594924653246 0.38287034826854555 0.3830156824923108 0.0030535905667782664 0.38558766936853106
4.079498091593859 0.3813490941263487 0.3825434900010157 0.0030478973274272645 0.38386696197802683
4.089376051276473 0.3800844282304605 0.3819972063218693 0.0030431660477961767 0.38240867846460574
4.099229786847089 0.3784606151994997 0.38141106348002946 0.0030371113083889783 0.3807160053681026
4.109058660497233 0.37689023363304325 0.3728133883885472 0.003031231676483707 0.37916448081305526
4.1188633067698746 0.3766102859383868 0.3795820149127931 0.0030300582654135258 0.37902619137051907
4.128642405491594 0.3777241881786724 0.3732985866607591 0.0030339673793951098 0.3802996711509305
4.138397501862848 0.3790676498634772 0.37547709032780413 0.003038721713386819 0.3814378821689124
4.14812889108376 0.3787004064906153 0.375346582890639 0.0030372281551107 0.3804033907629499
4.157836314939684 0.37713875714230444 0.38506330501140307 0.0030313873703247027 0.3781018551647942
4.167519625103923 0.37598791627805805 0.37799740148245736 0.003027059806557458 0.37645067743814015
4.1771790035430385 0.37567837809151156 0.3749076311223149 0.0030258102295963865 0.37592651922666404
4.186815506547641 0.37534603344812995 0.3767309871013801 0.0030244672089277027 0.3755758003559665
4.196429110698112 0.3746995895385522 0.37369730829448267 0.003021998339119078 0.3748946055309111
4.2060184164383925 0.37298712231776915 0.3736296223493395 0.0030156227294212317 0.37336982657406736
4.215584951681211 0.3714618225543673 0.377637715850865 0.0030099643514061173 0.37247622611223075
4.225128755124692 0.36953413264797463 0.3712838980990302 0.003002907576449903 0.3711943179986306
4.234650739007196 0.36374134246027706 0.36765978720168435 0.0029817077004877413 0.365518113096909
4.244148614470616 0.35419120949069205 0.35684866430509754 0.0029466209900002233 0.35566966450437293
4.253624496584166 0.3447438390278129 0.3450085726566011 0.00291171750588778 0.34594390291441274
4.263078794512334 0.33972448446052717 0.3407189438139881 0.0028931174070819963 0.3407552640066543
4.272510211304774 0.33836455867651777 0.33639241724957875 0.002888055248706795 0.33933757811989995
4.281919085500088 0.33831553594112856 0.33371256922410963 0.0028878121414353418 0.3392595020255002
4.291306909848093 0.338736282600602 0.33746372745725006 0.0028892995894514574 0.33965084994069095
4.300673397038682 0.33905082780179074 0.3383665261538156 0.0028903971727127454 0.3400885223177262
4.3100173409748574 0.3386033939463842 0.3361676158061749 0.0028886415484512193 0.33995911737386003
4.319339734903419 0.3385493587086605 0.33464774526195584 0.0028883304463895574 0.34026588950653264
4.328641924451229 0.34041217340735663 0.3405936342980071 0.0028951423692536015 0.3422411841111431
4.337921953581586 0.3434158374520506 0.3428116784148435 0.002906164533519432 0.3450499460014439
4.347180696976719 0.3458221708125321 0.3438268942764614 0.0029149441110910535 0.34713345737260715
4.35641953527723 0.3470256188660279 0.3460194932285958 0.002919281050287666 0.34799844801016827
4.3656366682730114 0.34711589939416476 0.3471486522567619 0.00291950906245649 0.3478847100461427
4.374833119925476 0.3472144101210756 0.3438370364173744 0.002919751616356558 0.34799512422845796
4.384009308980081 0.3491390183514831 0.3506066124468656 0.0029267505564787126 0.34979055107135315
4.393165179011167 0.3518261843965579 0.3483056240347023 0.002936534122073783 0.3521899835367009
4.402299902469297 0.3539080982804681 0.358300157721574 0.0029440859749558213 0.35425730933956295
4.411415439780623 0.35421156474983756 0.35475851677866044 0.0029451098592897097 0.35493434021242465
4.420510487414818 0.352953377698717 0.35221917454328805 0.002940439072809179 0.3542427035450198
4.429585097721316 0.3502168931339408 0.35066035511133764 0.002930286675698449 0.3521181141368404
4.438640847707974 0.34955116216360177 0.34894359136285097 0.002927736536014519 0.35164328704396053
4.447675963596199 0.3527957740084446 0.3548282245164403 0.0029396086558710504 0.354466136447917
4.456691834913858 0.3557731327099417 0.3563222522360833 0.002950422214510001 0.3568978099145972
4.465688731178857 0.35692692593786135 0.35910937506638485 0.0029545227280061985 0.35767446406221587
4.4746652945689975 0.3573643103387384 0.3571722269617185 0.0029560269993863975 0.35791298034459346
4.483622913887917 0.35764051069381475 0.35574366178715555 0.0029569498933379994 0.3581283394913611
4.492562159077411 0.35808488459452126 0.36120083441559686 0.002958485327389243 0.3585617964097121
4.501480908112369 0.3589728040014816 0.35537838942983724 0.002961641274956881 0.35937529427886744
4.510381953673956 0.3601406549624055 0.3625570593353189 0.00296581610471611 0.36046967169916466
4.519263383849764 0.36118963641172996 0.361016431941116 0.0029695655906474424 0.3615260560875415
4.5281260476973575 0.36130534241394735 0.36198645251464245 0.0029699379564539826 0.36186199663127605
4.536971309778443 0.35935457754179306 0.3638044180512421 0.002962789216738665 0.3603292915296001
4.545796048111036 0.35553319834737357 0.3572202377843338 0.0029488383561888463 0.356989004453475
4.554603793531244 0.3500412011546024 0.3522729460939504 0.002928753112757526 0.35195448225213427
4.5633925964937 0.343841347660321 0.3502738819157307 0.002906013435381415 0.34612705939928934
4.572163267309926 0.3379889244212027 0.33844888933315276 0.002884492938649335 0.34057618120565153
4.58091654863871 0.3324881773569699 0.3323847909351987 0.0028641963999985046 0.33529171364003185
4.589650618390429 0.32730280876400736 0.3293396569095312 0.0028449952137100287 0.33020923772995076
4.598367689312869 0.32252783118627404 0.32409935076761187 0.002827225350332362 0.3254219148939714
4.607066681687261 0.31930928111417495 0.32166468480644633 0.002815223859626542 0.3221189494537191
4.61574789957696 0.3174890400634956 0.3178756952428055 0.0028084169607356323 0.32020415820701376
4.624412279277496 0.3164919149367469 0.31615204412354153 0.002804667817675568 0.3191812064094578
4.633057709743862 0.3158635422867996 0.3172523372889801 0.002802286495437683 0.31864389585837655
4.641687442923595 0.3153786366173925 0.3138298534434691 0.0028004335789205345 0.3183552357323656
4.6502981353456 0.3150917494672292 0.30931972485180226 0.002799309280595843 0.31834981216069136
4.6588927571827226 0.31546881535195653 0.3178186459363258 0.0028006751503071308 0.318995488785551
4.6674694348270505 0.3162936959863393 0.32035125183536817 0.0028037160752986687 0.3200046835541747
4.676029330655727 0.316996693464841 0.3149286376327708 0.0028063057366942462 0.3208206725195479
4.684572741753544 0.31683606255444097 0.32030659107055987 0.0028056721772909297 0.32070211773026647
4.693098614655464 0.3155247374969058 0.31171366594858796 0.0028007358700924486 0.31934480247334857
4.7016086890949635 0.3137005766149276 0.312098325207141 0.0027938937367587824 0.3173094341758901
4.710100644232891 0.3116696096778979 0.31209148253378227 0.0027862732329662506 0.3148339035522904
4.718577614410939 0.3097355426715052 0.3081051942275911 0.0027790282331069797 0.31217574950488075
4.727036185793214 0.3072783714973595 0.30639880979527967 0.002769802156660355 0.3088888252148415
4.735479957680319 0.30436433899927706 0.30279338882781165 0.0027588454728326847 0.3051412709084772
4.743905994140832 0.30124953308242386 0.3012771436890152 0.00274709090284191 0.3013333567315811
4.752316980729044 0.2991578081487733 0.29639919141836396 0.002739191040544025 0.2987979391618925
4.760710812698005 0.29819748997488027 0.2999989243450561 0.0027355370173163525 0.2976134147160435
4.769089420490751 0.29873946255082495 0.3001868928431329 0.0027375571658169594 0.2981820959485598
4.7774513737185975 0.3003957315721347 0.30099497623421867 0.0027437844433821448 0.30002474753709796
4.785798002855299 0.30202967995714974 0.30250175007113755 0.0027498996812515687 0.301896468347622
4.794128398497018 0.3033300798689616 0.30316630978066184 0.0027547449712498023 0.3034165223699425
4.802443376368349 0.3044564901892047 0.3050348579116638 0.0027589321350225144 0.30460824589995
4.810742149230142 0.3056108196992037 0.3102441912941648 0.002763226256348805 0.3055991546006262
4.819025617446343 0.3067184295100253 0.30415067886273833 0.0027673425155514803 0.30630177953234167
4.827293465386821 0.3076601180809813 0.3023189913782073 0.002770832613913466 0.3065053769946854
4.8355460523277785 0.30842270377991915 0.3090675693756189 0.00277364901949653 0.3063110903998123
4.8437829069911995 0.30909242596378345 0.30791294546690445 0.0027761143054321836 0.30593412658225866
4.852004756317375 0.30988185791414985 0.30433289160912674 0.0027790091032014025 0.30569906920533524
4.860211301112486 0.31164589938949266 0.3094326751271234 0.0027855633847861205 0.30647523139651695
4.868402776861875 0.3139059769174887 0.3158041248422326 0.0027939459558359546 0.30777329104879964
4.87657894074679 0.3164328454372135 0.3173005116976725 0.0028033230952459825 0.3093679729259802
4.884740610308153 0.31815554673768404 0.3201176532482455 0.002809688715702412 0.31036066172252735
4.892886694471239 0.3186310508489534 0.3162439832535658 0.002811434722441943 0.31044716548343054
4.901018676004912 0.3172035960442616 0.31853319606562924 0.002806122374319242 0.30915355523583704
4.909134977771611 0.313672110991881 0.3120310462569044 0.0027929456882714366 0.3063931150609132
4.917237634043126 0.3099692293654567 0.30726993016785215 0.0027791250409893464 0.3036945698809372
4.925324446630525 0.30698656619571585 0.3095861868591546 0.0027679409658807937 0.30178136252684773
4.933398134829128 0.3057057093175881 0.303625979644655 0.0027631303290816104 0.301229039531143
4.941455747418271 0.30512400314492566 0.30215101519768567 0.002760915723204212 0.3011447792467003
4.949500574148831 0.304823669411026 0.3013331792186329 0.002759770439321684 0.30113265047395255
4.957529272260983 0.30365641774787616 0.3065059316411021 0.002755362139822482 0.3001432780704839
4.9655452659843 0.3014314447438661 0.3031204273669913 0.0027469880157528818 0.29802931613386385
4.97354573813123 0.29812193291754485 0.299257038789429 0.0027345101382842095 0.29476922273326694
4.981533127718194 0.29462714782427724 0.2933608665008264 0.0027213055274632044 0.29131284962098825
4.989505570332332 0.2918912774794453 0.2948748682232782 0.0027109455304272683 0.28865266444349497
4.99746454478636 0.2902764304078324 0.29197769930478357 0.0027048147820258207 0.2871838708180369
5.005409447756558 0.28955668886109404 0.28650731093505727 0.0027020775011549203 0.2867013936115337
5.013340281098164 0.2888100802506434 0.28587017576943186 0.0026992238525454376 0.28619792634916336
5.021257830036363 0.28770837690093254 0.2878906001655077 0.0026950248977797298 0.2853189571597122
5.029160621649585 0.2860116883005588 0.2838416306679458 0.0026885551295990607 0.28385716839924463
5.0370505697439665 0.2841270884608061 0.2875997983769381 0.002681394333841132 0.28229266371898054
5.044926341689748 0.28129698611334353 0.2766926114430163 0.0026706464975550332 0.279943175130436
5.052788665119484 0.27624002675279175 0.27935011522465125 0.002651317895988281 0.2756711584361183
5.0606377935901135 0.27051775843106257 0.2720027465870516 0.0026293910206622068 0.2707853914578457
5.068472910824403 0.26458428562695835 0.2621837586150224 0.002606520359906348 0.26561376888642596
5.076295801406099 0.2600252421299128 0.26219955924486854 0.0025889082625114505 0.2613808468448163
5.084103674368654 0.25635444339224084 0.25865394003825415 0.002574663867509376 0.257732796960765
5.091899712598683 0.25358283884655497 0.2571292128014511 0.002563899984444012 0.25464335917436126
5.099681505093993 0.2507247499695552 0.2520251114438223 0.0025527471790527906 0.25138138835694407
5.107450657487455 0.2478787077463939 0.24670431327640766 0.0025415873073397197 0.24814609640023055
5.115207056598136 0.24620224521357154 0.24255042417393793 0.0025350333682493905 0.24622959422343738
5.122949443628 0.24481070444600447 0.2403849599544833 0.0025295529845265163 0.24478638834848795
5.1306802536702 0.24415103411244157 0.24283806702197394 0.002526900553445142 0.24419096894107725
5.138396688682079 0.24603345210842104 0.24882577012595125 0.0025343430873655285 0.24618743840263171
5.146101168408605 0.24703075119860576 0.24491524442010726 0.0025382288527962234 0.24727893669062698
5.153792503046549 0.24696478013651402 0.24889746683008288 0.002537930694512199 0.24726085732905204
5.1614709228926845 0.24666633973706031 0.2480995411864269 0.0025367315857496536 0.24690309724532947
5.169137380954162 0.24666400673533584 0.2432766016577544 0.0025367050728781976 0.24682282989373816
5.176790461846894 0.24688790845734884 0.24330888126563555 0.0025376396144253916 0.24697410127673397
5.184431084171856 0.2443443587461174 0.24729866868030143 0.00252763236147751 0.2443727106084779
5.192059796083042 0.24048202927824894 0.2413580633549966 0.00251245156174761 0.24040950225006924
5.199674827397713 0.23567086222956146 0.23570102512439522 0.0024933468643184194 0.23539266690033953
5.207278575337391 0.23499392215418763 0.233362013317703 0.002490708205953015 0.23434772295764064
5.214869140309797 0.23656177480651955 0.23619138616256902 0.00249692170336817 0.2354803769627637
5.222447615347904 0.23890454806962214 0.23788045998094562 0.0025062060909293847 0.23736344902353199
5.230015006897815 0.23944489755515086 0.2391654302270914 0.00250831700697339 0.23750726100376188
5.237568466208089 0.23822407482336366 0.2338841662553613 0.002503477526290165 0.23593789590086703
5.245110964662393 0.23607410141539795 0.23764878060845934 0.0024949578401157165 0.2334462859531686
5.252640889229666 0.23423973085835847 0.23569024232136634 0.002487691164170036 0.23125841653131418
5.2601583969915024 0.2331206853905966 0.2342834816311247 0.002483275230772476 0.22978102305733053
5.26766437745939 0.23192328873935872 0.2352104320229139 0.0024785343127298218 0.2282303204055246
5.275158341451031 0.23024205262294026 0.23187263777591227 0.0024718525622842973 0.2262368250698495
5.282639970089039 0.22722857655098766 0.22384513757597427 0.0024598199881401277 0.2230037313047312
5.290110882103224 0.22372019668720095 0.22150410143672525 0.002445796838167388 0.2194360210902143
5.297568853064386 0.21822185970180275 0.22507331382696932 0.002429486500339327 0.21407799071824607
