wv flux sim_flux error best_fit_flux
0.6024954888205943 0.006450061192792112 0.009122211362883628 0.001432419667444406 0.002820810960018965
0.6069110001174575 0.004834195282161112 0.00596063957949621 0.0014384693368779883 0.0032732032854872585
0.6114138195510883 0.005414991719489839 0.005099928818948925 0.0014444452782012532 0.0037215330131178414
0.6160082542888619 0.005895252973995096 0.004404189661845997 0.0014492865600976236 0.004093465030003194
0.6207060229416635 0.006541117536308889 0.004681316332763183 0.001455803578172911 0.00461916215479536
0.6255136961328447 0.007556972726165123 0.007112400506381005 0.0014661042736551389 0.005468595135025186
0.6304230619844057 0.00851431937771613 0.008093899980816032 0.0014756833890231086 0.006284623987849966
0.635438327589194 0.00896457960379067 0.007874542596245447 0.0014799830296928715 0.006671430095677627
0.6405637793507409 0.009022335268337737 0.009931883587863427 0.001480240987796963 0.006712495627340653
0.6458036706502773 0.009418201692375484 0.005922415175266302 0.0014839064616223416 0.007053733168572597
0.6511621496987382 0.010604774107539907 0.01133666361733401 0.0014954706586439142 0.00810798425585305
0.6566433617365964 0.012145057746108603 0.012833575743152631 0.001510351196661633 0.009473727551811886
0.6622514729790379 0.01355006081171213 0.012792714702181596 0.0015236660165104104 0.010711235694846322
0.6679905160063571 0.014617493650008874 0.013235444004204459 0.0015334996617426173 0.01158035342314968
0.6738645135535137 0.015618409525508536 0.013898052007848235 0.0015424869876522977 0.012313199861451168
0.6798774834927327 0.01788862139647402 0.019734906611824816 0.0015633987599674888 0.014286897562012173
0.6860332854009485 0.021340085051777088 0.023562865623178424 0.0015949072243485504 0.017504967236581525
0.6923358270925476 0.024043965588386257 0.021451494347718227 0.0016188247508129865 0.020058398049839374
0.6988053151311685 0.025232637349402644 0.02670291800140037 0.0016285979194313968 0.021153948949715676
0.7054351170328494 0.02639123369934392 0.022975728925304174 0.0016379553438090292 0.022153128617255314
0.7122254455746909 0.029125089253746055 0.030973259721228958 0.0016610753817165164 0.024646551575605108
0.7191798349391124 0.033355983057893716 0.034000624860892614 0.001696581803612005 0.028660782349436455
0.7263172675803488 0.03814084027085339 0.03700591217635743 0.0017358527579566338 0.03337580779775534
0.7336442399236287 0.04126735789510888 0.04217473792292413 0.0017604040117761323 0.036556152430081035
0.7411476866192758 0.042214580036617065 0.04024574425207373 0.0017666539774369413 0.037482788019974914
0.74885536987851 0.04316668224367943 0.04458847940875163 0.001772926442886136 0.03835217442893243
0.7567638769608438 0.0450085906614602 0.048006475442222196 0.001786308021726133 0.040135503515024554
0.7648753543529766 0.04716888449320423 0.048774610919975675 0.0018020209600679098 0.04225956508236428
0.7732105969224792 0.048427975234651574 0.049568821498676176 0.0018103154147664613 0.043502881847232375
0.7817620224044457 0.0490905066935862 0.05361600401789931 0.0018138039206635473 0.04414757955943395
0.7905437278998475 0.04992413300795743 0.045334852998916625 0.0018186089118071612 0.04495978374138394
0.7995682990835928 0.05054903220077634 0.04796167697269576 0.001821884045424382 0.04564892194222467
0.8088270674333922 0.04771400476983424 0.047281144219608634 0.0017981915517601933 0.042991902027619586
0.8183418088138193 0.04255887625886146 0.04516506592338911 0.0017560161650687432 0.037786629032749916
0.8281213710495698 0.0394550230685822 0.042310836633174725 0.0017297290269456978 0.034484543044552736
0.8381632252130756 0.040942250808572465 0.040385625838934285 0.0017397843861252599 0.03582285718451765
0.8484769844805841 0.048485899937034095 0.04857924144727676 0.0017967412436860452 0.04339171696928263
0.8590716213638419 0.05540454306399001 0.05367885641866089 0.001846959406465647 0.050515704786380684
0.8699550721065319 0.05577410519064765 0.05373306257763804 0.001847305424174121 0.05094144701261673
0.8811345691434173 0.05355197323908815 0.05015061088843099 0.001828346139585858 0.04854890408751289
0.8926164059756965 0.05611992139920732 0.055140819532656246 0.0018449762687900724 0.05083323152381978
0.904406016120264 0.063679509983518 0.0636363476336984 0.0018968623417947067 0.05811104782891739
0.9165078232919142 0.07744918787033049 0.07883512038860796 0.0019896867073041016 0.07171477340879033
0.9289255380224837 0.0950721835137143 0.0981128884583054 0.0021035933093002 0.08970138967745209
0.9416800844295095 0.10261539161642416 0.10654591541808547 0.0021480959012297675 0.09771659703086935
0.954757922890753 0.09843516968966619 0.09792679663327207 0.0021173224769540887 0.09346771636005886
0.9681655972814562 0.09379193611062316 0.0953660855186167 0.0020832881014925366 0.08836078976682223
0.9819158207688717 0.10447359861714868 0.1031958997335238 0.0021465486153422297 0.09858581337997939
0.9959981927370158 0.13412377816502338 0.1348062267461654 0.002320877732102001 0.12845798831519517
1.0104222177520512 0.16720096384165825 0.16848129852541166 0.0025026612745494667 0.1622078361744892
1.0251871827790946 0.19404520514358523 0.19523190447325328 0.0026405790588027223 0.1896585213964386
1.0402862726990512 0.21591583431860054 0.21790507250867183 0.0027467776279180914 0.21201928549430268
1.0557198281924247 0.23825868505473796 0.24174981098427442 0.0028514905184156497 0.23482205785556662
1.0714898376307211 0.2623932205746025 0.26482693924183526 0.0029612632388611028 0.25948803079546245
1.0875877163842513 0.28492750935485034 0.27730871786319156 0.0030597758638411547 0.28259077641809544
1.104006533920936 0.3026677886823746 0.3003838852616702 0.0031330485294705493 0.3006293516775781
1.1207395248796759 0.32161996822802297 0.32354191751950634 0.0032097576777320685 0.3194680118888639
1.1377781502879116 0.3508663682768268 0.3496019979518841 0.003330196258182959 0.3488993659727836
1.1551158212859407 0.3801559147505132 0.3769544440200881 0.0034471375912108713 0.3792635680426771
1.1727403237610945 0.3959186651381776 0.39159777404575397 0.0035032237329624787 0.3958913435459566
1.190638059814936 0.409307478486064 0.4121034907985745 0.0035482717845137838 0.40927547994607316
1.208795814444236 0.4322050897128321 0.4337383565294733 0.0036319712601780648 0.4322278468625666
1.2272038274968164 0.45539709985946886 0.4573817677199842 0.003714857653164766 0.4559786515378643
1.2458459059263047 0.4739379454861138 0.4799772889691546 0.0037770665273297623 0.4745821260367933
1.2647046149609256 0.5014163888185406 0.49845544351178517 0.003873241003420509 0.5014261005681141
1.2837703169412418 0.5445667899606716 0.5463916596061569 0.004027543959881649 0.5447717692636085
1.3030203614670928 0.6032704359238986 0.5987619264485524 0.004236378007028495 0.6034068248534386
1.3224455259176782 0.6877032832373984 0.6915466597469916 0.004533878604574997 0.6860650160811953
1.3420237208724042 0.7787959013415555 0.7793768738303478 0.004845945487919757 0.7747929479599444
1.3617432290662455 0.8484158189959421 0.8453578676833209 0.005074532747486465 0.8426054914301083
1.3815854704877728 0.9232504392716134 0.9185023460570314 0.005316181665484824 0.9165668117576611
1.4015354314822852 1.0444826366555564 1.0464382318733003 0.005710402798383903 1.0405962898885646
1.4215790403804203 1.114660826590119 1.1129361867694225 0.005927273837941611 1.1159461724288846
1.4416998638203056 1.1323775052306335 1.1385356507806148 0.005969278627734866 1.1354151615427412
1.4618841077787084 1.166581891392337 1.172819263268325 0.006068853093112724 1.17159710468843
1.48211848098785 1.172873338883624 1.170791391034284 0.006077053490323485 1.1828488088886628
1.502388965910429 1.1330543642554054 1.137738356351306 0.005934014666670645 1.146981599927131
1.522683417390884 1.1233640208742783 1.1145660511830748 0.00588993912526203 1.1378030315858711
1.5429900557396328 1.1735626889024002 1.1735412279497897 0.006042350468694912 1.188325612516003
1.5632975284691646 1.2187500046735673 1.2130806271685215 0.006177089369149523 1.234818416973191
1.5835958392856337 1.2341267307721853 1.2262259945702265 0.0062148264726078675 1.251261120642434
1.6038747981452106 1.2365098306561477 1.2315180819090379 0.0062110465325163795 1.2538710457300728
1.624125605649303 1.23189822831357 1.2452248624910034 0.006186415726604528 1.2487506076834958
1.6443401332022933 1.2238440358583773 1.2192931119221506 0.0061511396885671615 1.2407224424795142
1.6645096901720602 1.2081739093933381 1.209958868817681 0.00609172142717518 1.2268795611227807
1.6846280471972848 1.166124203889454 1.1579188285310749 0.005946478701062478 1.1861174692525156
1.70468907000548 1.127196306485242 1.1241468174108513 0.005810751775372611 1.145820158150407
1.724685462473476 1.1377135190088958 1.1410530986442247 0.005837158799639094 1.1560687498298634
1.7446131940256195 1.1448588915496576 1.150449669221656 0.005852288062483895 1.1639911513832608
1.7644671558989597 1.1335110712967813 1.1394981373449613 0.0058071815689197314 1.151953330418783
1.7842419061924712 1.1162693851916046 1.1245852304522552 0.005743303142365236 1.1338056306527426
1.803935659492312 1.0910029610531613 1.0891177681563406 0.005653427223546798 1.108320620296291
1.8235424368753346 1.0781844074527807 1.0866747797928809 0.00560441789352513 1.096293570636297
1.8430615360990812 1.0858930009290888 1.0865542317211403 0.005623069874838101 1.1051499966827756
1.862488638859403 1.0979839997375467 1.0958421788501167 0.005656201152173213 1.117986578147626
1.8818222487451635 1.1002130373129433 1.1067184989062453 0.005657015635648482 1.120288506360815
1.9010600597705933 1.098480602307994 1.095641092371295 0.005645088857677426 1.1183019189231613
1.9202005976983825 1.0972162484762493 1.095321361999107 0.005634924688431515 1.116829998862913
1.9392416443150753 1.0965459771782011 1.0877528218211627 0.005626909172885428 1.1158918480684177
1.9581833135000246 1.0942037081154647 1.0931110415727514 0.0056135132034101 1.1134684505892871
1.9770226975996716 1.0935299601986894 1.086283775264785 0.0056053698267538666 1.1132844176971148
1.995761500765532 1.097884740065401 1.0908916089706944 0.005613101009384089 1.118389391412068
2.0143957914273765 1.1010043165326675 1.09313164186595 0.005616890710452779 1.1219001651172689
2.032928379962473 1.0998599992409885 1.0921847352800418 0.005606940078748365 1.121053456171097
2.051358218685731 1.0866566307192667 1.0861916309928212 0.005557355764770798 1.1080066615992237
2.0696832675906767 1.0752889559214849 1.0801399110775265 0.005522013477046065 1.096568716179066
2.087905942681301 1.0770579339451776 1.069208750667086 0.005530236929337425 1.0983397537685762
2.106026115143801 1.0819509680437724 1.0873861540795031 0.005548708239010108 1.102951598577969
2.1240418389552427 1.0820440027781322 1.087197369049367 0.0055513649823338345 1.1027802907490494
2.1419552292740134 1.0726883523289132 1.0787843769514247 0.005522792803745098 1.0931154895091364
2.159767139031436 1.0568097831881291 1.0550245499918962 0.005472478318756147 1.0771078036886954
2.1774776251839576 1.045690139873382 1.0529612548812546 0.005437645679766405 1.0659775967935448
2.19508556156567 1.0430223335219457 1.0312531061841128 0.0054299753025343475 1.0626338620039264
2.2125931264332297 1.0461176185967285 1.048586411318242 0.005441438614719442 1.0644239828127873
2.2300012929932276 1.0482412027509305 1.0482769427226573 0.005449613134750721 1.0655030289232832
2.2473102941785776 1.0480408579062375 1.049479018468021 0.0054501832028009435 1.0650926973308112
2.2645208970082105 1.0369845702128497 1.0262574823310637 0.005414689252248232 1.053824550545639
2.2816341921219743 1.0097846579744987 1.0165671038387376 0.005325020417521843 1.0259114557222486
2.298650096643734 0.9888815864008662 0.9762606635357608 0.0052560272620546305 1.004466013304548
2.315569618251327 0.997032703711663 1.000259234287893 0.005284625557456027 1.0134792469072547
2.3323939660540756 1.0082082357456121 1.0124569140504176 0.0053231626465301786 1.0260655011338886
2.3491243923001606 1.0071831910345463 1.0056839007403189 0.005320625407671702 1.0258008338730995
2.3657615906609704 1.0058796954234952 1.0035968848566703 0.005317290909465632 1.024740585320821
2.3823062444740035 1.0060186209432411 1.0004113434868 0.005318763240724186 1.024543529548183
2.3987595082587663 1.0092845157360093 1.0110643230014007 0.005329954788191633 1.0267804376885385
2.4151221488343175 1.0158209017180546 1.0230165787470835 0.0053514592808945535 1.0316070629325726
2.4313954266178426 1.021780185935983 1.0145326588034915 0.005371011772532642 1.0353351649691047
2.4475801092301963 1.0239547620937584 1.0188030807063426 0.005378037569563557 1.0360660341655126
2.463676971072206 1.0118051220114122 1.0124573031945026 0.00533712954057151 1.0247811769383848
2.47968692719503 0.9866707280833122 0.985470776204723 0.0052524737012483325 1.001601056376486
2.4956105748724764 0.9700567160213133 0.9748217464773057 0.0051963261304575755 0.9856056038342607
2.5114494369599494 0.97218253225316 0.9698395776175678 0.005203180021337524 0.9869669895262315
2.527204771158299 0.9874203115486424 0.9812342207020274 0.005253971587376148 1.0005854885358256
2.542877441856084 1.007609459736813 1.006817371543144 0.005321187031946113 1.0184850938055217
2.558468269541018 1.02609676368997 1.0226310631279365 0.005382526180281743 1.0347400751199993
2.5739782471830406 1.0404382663118774 1.0395612618951051 0.005429898525929277 1.0474649540629448
2.589407280290567 1.0524338438073673 1.0546633523136002 0.005469350821839852 1.05819990764225
2.6047567598090517 1.0679210823909782 1.0657575730591184 0.005520472098344133 1.07286474066681
2.6200282638986985 1.0826045069698185 1.0876894541154936 0.005568775594052738 1.0871622077267642
2.6352229943268437 1.0900214299204987 1.0920229140940634 0.005591794746709248 1.0947492869906057
2.6503413808814007 1.0795348192860887 1.0721526341975949 0.005555473689581989 1.0854801995769563
2.66538253346005 1.0479319146501402 1.041115012653405 0.005448872241211726 1.055849424623999
2.6803496650198917 1.0143419336526978 1.0150042342643701 0.005335468048052772 1.0237483362102207
2.695243719244958 0.9953113856178459 0.9954962135217179 0.005270554289045206 1.0050989408515103
2.710063686093753 0.9921836293907124 0.9807555155242058 0.005258792987966524 1.0017540609609392
2.724811209338052 0.9939979033029824 1.0079350212545728 0.005263489860659686 1.00309186613905
2.7394885399142876 0.991336876967929 0.9899111948240288 0.005253233005524811 0.99944980056572
2.754094632753382 0.9792294026802965 0.9803117029056502 0.005211347187125503 0.9856347820479558
2.768630360296619 0.9659291553358657 0.9647069005150781 0.005165420405656881 0.9703614419570944
2.7830984325408172 0.9633171294681941 0.9691093224659346 0.005155269219444407 0.9663275586875417
2.797497053103017 0.9740533927562324 0.9749295106914543 0.005189776883587412 0.9760761331828839
2.8118287945746734 0.9886665177730204 0.9861247104611895 0.005237013335940384 0.989149439491945
2.8260946281340553 1.0037371949000786 1.006848873406693 0.00528560366117622 1.001951960113401
2.840292923649972 1.0190888522899806 1.0176529293033296 0.005335115939741612 1.0152608431382728
2.8544279691541887 1.0261056600059095 1.0254428214034403 0.005356947418456912 1.0214973314128228
2.868497040287455 1.0182013818142068 1.012660588859241 0.005328866511738481 1.0141477393991487
2.8825035654031486 1.0053694690972965 1.009438597919586 0.005284281640068158 1.0023211871171216
2.896446389084157 0.991471204342971 0.9964809712798011 0.005236241131093999 0.9890930673236922
2.910327357438576 0.9759935821163646 0.9701437510200018 0.005182913624482896 0.9738815340208491
2.924146689012361 0.9630274721109109 0.9582631120127413 0.005138040124213131 0.9613612805974925
2.9379052357937416 0.9472304849576771 0.9468566174083413 0.0050837893449802865 0.9465952379354468
2.95160350493295 0.9229334649289977 0.9188414011450403 0.00500106195099048 0.9236296830739997
2.965242475444429 0.8990336159228065 0.9068200399673969 0.004919480384989212 0.9001033607685893
2.9788223048867866 0.8879788778551757 0.8836327151213559 0.004880776173558796 0.8878322913333786
2.992344325678075 0.8945514307352206 0.8980751499927977 0.004901043351798971 0.8932071279574049
3.005807793691948 0.9119472087851638 0.9240301819464722 0.004957362927091795 0.9105014302153054
3.019216065360288 0.9251093814709836 0.9290353331613947 0.004999267673062118 0.9232343256321535
3.0325658343058235 0.9319745654574403 0.9252306806908313 0.005020000108981636 0.9287379503845408
3.0458614553106824 0.9460996551920176 0.9477555428706412 0.005064872829975074 0.9417589765699976
3.059100674139672 0.9655980121089821 0.9707408933176985 0.005127357343425175 0.9605742515716972
3.0722859015842294 0.9833938261996232 0.9896169547953602 0.005184078307760544 0.977717160851178
3.0854178490718764 0.9883836891678187 0.9915723079225819 0.005198617019232201 0.9827980912414817
3.0984947055772456 0.9743293067710747 0.9836886057096214 0.005150376683886967 0.9701038652728312
3.111520205292857 0.9624883142325965 0.9685657650238729 0.0051095124794059785 0.9598765351027312
3.1244928282201463 0.9650762880707201 0.9645237266613883 0.005116184603790559 0.9630346697700779
3.1374130944890766 0.9690753731388337 0.9632386924120427 0.005127215545656666 0.9664726915065727
3.1502832438171673 0.9738470874921397 0.9753440707854104 0.005140599122832278 0.9701099754730685
3.163101985773601 0.9898179233230139 0.989109860471537 0.005190735169770841 0.9849232065070459
3.1758704835503755 1.0093538224794554 1.006928152139518 0.005252361257652583 1.0033282411926359
3.188590132675141 1.0189816157848726 1.0259807865872546 0.0052814966653693405 1.0117698827378963
3.2012600061213927 1.0152410816703896 1.0203554743667893 0.00526725433445377 1.0070149156441632
3.2138806635609387 0.9945799059993672 0.9959137813967727 0.00519799416265979 0.9856199906973064
3.226454101322288 0.9654354148738135 0.9608876532608811 0.005100917269956699 0.9561529573202482
3.2389804170599117 0.9484013625324205 0.949064058690091 0.005043461552150053 0.9395376674064015
3.251457657503403 0.9427057416262723 0.9348805775231797 0.005023153234980487 0.9347639416270176
3.2638887465820927 0.9346273576840696 0.9336649601746444 0.0049949275908664085 0.9272694160910352
3.276274225883945 0.9232586427155836 0.9289071690094239 0.004955866513133106 0.915754132862047
3.2886142437004127 0.9167019012745724 0.9212447767177702 0.004932575419998621 0.9084521653259029
3.3009073422396082 0.919152050311186 0.9108469037772093 0.004938804664025135 0.9101392270698214
3.31315592083175 0.9260038742947067 0.9279271516481897 0.004959402309607999 0.916702892665827
3.325360438009411 0.9291606773091121 0.9304043894748739 0.004967865437352792 0.9198985119299863
3.3375213160109096 0.9265363668770829 0.929930129350152 0.004957392443853937 0.9173201452733469
3.3496377796074595 0.9269200738016391 0.9186297890645465 0.004956828804924753 0.9179299602600315
3.361710695541752 0.9300149244350956 0.9379577957301005 0.0049651722974893625 0.9214085870763228
3.37374099250827 0.9276664282962006 0.926972734635535 0.004955736733787188 0.9193034614946171
3.3857293406967894 0.921578085237068 0.9243334372446138 0.00493418047923456 0.9134408799469823
3.397675745931313 0.915840495723494 0.9201892530492712 0.004913887820234454 0.9080522013727128
3.409580695210876 0.9115768104756122 0.9190303906753056 0.0048983768519648314 0.9042222316887455
3.421443390522118 0.9109701405072463 0.9185413765736449 0.004894749187287377 0.9040382389446208
3.433265326335338 0.9147626588912428 0.9110150694048202 0.004905423773946837 0.9081642614078612
3.4450468948571373 0.9191939386511335 0.9207323503808834 0.004918141445329551 0.9128535286402972
3.4567885232066344 0.9206986187138934 0.9248162760906281 0.004921338651763974 0.9146765125101168
3.4684903780444096 0.9200489545295687 0.9198463017483329 0.004917558897645118 0.9144003417709677
3.4801529833544786 0.9203900164499542 0.9317720661322689 0.004917060794905707 0.9148171716315012
3.4917766623198987 0.9192108087601061 0.9241439922437552 0.004911694217119337 0.913193020975813
3.503361025889228 0.9128255042793056 0.9121163873441129 0.004889466207559433 0.9062390833307458
3.514906891066118 0.9061955431437987 0.900081869144868 0.004866502068182504 0.8992959573461513
3.526415010814973 0.902026276952194 0.9037183971016601 0.004851467434008252 0.8950067636463929
3.5378853751005863 0.9037666079104165 0.9101069094491286 0.004855601202157113 0.8967245034583812
3.5493184210160846 0.9054456571622471 0.9079748745819534 0.004859463918104429 0.8983818991508468
3.5607145919944303 0.9061679404900609 0.9111290871161821 0.004860233994756377 0.8990531203348313
3.57207395043186 0.9064689224727923 0.9060522212604125 0.004859668102864541 0.89937934191566
3.5833968633749675 0.9060802452005874 0.9008460173072218 0.004856897166442513 0.8990971129750288
3.594683839325148 0.9047689093680324 0.896354364111799 0.004851181951069368 0.8979622863062218
3.6059349450840004 0.9021663366430862 0.9025694777902695 0.004841319449389916 0.895452297674619
3.6171504863250927 0.8996401317343196 0.9010971452892463 0.004831736721612292 0.8929857270761404
3.628330930049432 0.8971915410657897 0.9017200266550272 0.004822459863867089 0.890598537991111
3.6394765019877076 0.8919389254034278 0.8836842266942356 0.004804177609870663 0.8853560146702346
3.6505874563529916 0.8843687831656994 0.8774725320045343 0.00477851362833072 0.8777107820556094
3.6616641396996634 0.8735902235920058 0.8784803985939789 0.004742520195718571 0.866712285421263
3.672706880877095 0.8628886788054315 0.8629839941446645 0.004706928081615652 0.8559083870417407
3.6837155961085393 0.8530516242519982 0.8558959412148682 0.004674140496473028 0.8460758482254713
3.6946911413219263 0.8464071257247844 0.8493621069521783 0.004651655306664544 0.8396129785259614
3.7056333582418772 0.8421804447997215 0.8358271615134254 0.004636935776961827 0.8356245040601417
3.7165424382736356 0.8406196829643784 0.8406072648666737 0.0046308464437363975 0.8343797812478584
3.7274189538404308 0.8386267597643948 0.8342536321755813 0.00462332538188761 0.8327051773993515
3.738263296810145 0.8368301715134495 0.8438928957912318 0.004616449973187409 0.8311985022433732
3.7490751772033173 0.8356359543216956 0.8311109853611861 0.004611527061877776 0.830221440219292
3.7598555489324887 0.8349221260636133 0.8301540728426396 0.004608159648677799 0.82959952123283
3.7706041033988855 0.834235798580128 0.8295753549063811 0.004604932070578134 0.8289137495395339
3.781321316663663 0.8302635961816719 0.8313530936179009 0.004591127156244101 0.8248872664168228
3.7920076860488168 0.8232393436384788 0.8226199267440062 0.004567579946973502 0.8177333535289544
3.8026628097062605 0.8110823198565468 0.8039834876745918 0.004527493661252056 0.8052933708050799
3.8132875810777316 0.7954498019600102 0.7924236266256431 0.00447616524983618 0.7893385612586096
3.8238818022846615 0.7789319353558285 0.780950024144293 0.004421851195398181 0.7724203895356233
3.834445843192443 0.7666069463892855 0.7744216866275183 0.004381106480284946 0.7597781346671784
3.844980324561632 0.7568047620915789 0.7480932964489095 0.004348454408024741 0.7497249309638928
3.8554850472017606 0.7501185935108314 0.749770622852652 0.004325924240409815 0.742960136163435
3.8659603262000255 0.7448624432151078 0.7455967468486752 0.004308014546742577 0.7378304774785713
3.8764060327752268 0.7406102863754838 0.7376741119457443 0.004293345818631662 0.7338177366010838
3.8868223760375553 0.7384016239950443 0.741942279427874 0.004285355111592569 0.7319343444214524
3.8972102412219916 0.7370133275037699 0.7370820114832242 0.004280013637512915 0.7308035379003489
3.9075692533351796 0.7366282051382333 0.7361853008207058 0.004277953073262789 0.7305337534331415
3.9179000513192395 0.736292410030549 0.7356968995406893 0.0042760473726925685 0.7302425596303083
3.9282029888604195 0.7357324746317363 0.732770280085051 0.004273450038543207 0.7297088665384777
3.9384781325050673 0.7328851939543228 0.7370891508230893 0.0042633867438391 0.7269849639959169
3.9487255510150763 0.7294809532266728 0.7396840666444833 0.004251554439185275 0.723752372041618
3.958944737576879 0.7254938979948177 0.7323202136755508 0.00423782495463038 0.7200248560798831
3.9691364701588947 0.7218285634362774 0.7212458209075528 0.004225279084717491 0.716596205275323
3.9793013377052904 0.718571079874469 0.7179856132768654 0.00421404931814801 0.7135444313624911
3.989439215462953 0.7170750218702071 0.7229185981454521 0.004208575594015474 0.7121648141707826
3.9995504523074135 0.7166142597425005 0.7178685086692282 0.0042064442437260196 0.7117902814037342
4.009635409840123 0.7178543663555244 0.7223831861350729 0.004209884085243921 0.7130937617592488
4.019693854875027 0.7182450887639833 0.721744794898421 0.004210545639330662 0.7135220474257119
4.029725233554681 0.7168725348286903 0.7186712373491673 0.004205472247808241 0.7121086394716303
4.03973070981399 0.7145363758982732 0.7195066347386302 0.004197291887070217 0.7097541102085718
4.049710835537217 0.7115424941471498 0.7090873739581627 0.004186993729098319 0.7067489511305493
4.059665324591202 0.7077691367873199 0.714113303654087 0.004174160141712993 0.7029648348695041
4.069594924653246 0.703976709435644 0.7018770944610896 0.00416126451671601 0.6991400523216204
4.079498091593859 0.7011228603485907 0.6956279527748478 0.004151448716833073 0.6962165226592072
4.089376051276473 0.6982242388305233 0.6971060293941098 0.004141482507936014 0.6932510778552965
4.099229786847089 0.6949277617497368 0.6973810303641409 0.004130247355522154 0.6899027692269009
4.109058660497233 0.6898360869013005 0.6895074209211919 0.004113158149349002 0.6847068522450699
4.1188633067698746 0.6832521731390453 0.6906096669775132 0.004091141495150107 0.6779516170254999
4.128642405491594 0.6797258993721874 0.6741119436849938 0.004079165675229871 0.6742953673360409
4.138397501862848 0.6776959328658906 0.6811667395609472 0.004072031643637401 0.6721750027522345
4.14812889108376 0.6774875988674102 0.67276187299149 0.004070866489176482 0.6719805685737199
4.157836314939684 0.6773086757411023 0.6723238410356042 0.0040697937205542625 0.6718454051807548
4.167519625103923 0.6758169846298151 0.6720573880399504 0.0040644361147814945 0.6703819164647911
4.1771790035430385 0.6728810064504894 0.6718764151405241 0.004054399848386723 0.6674101827908997
4.186815506547641 0.6675817886192367 0.6646294125863942 0.00403658335247399 0.6619473981286651
4.196429110698112 0.6643581730318168 0.6712770357531104 0.0040256012871895805 0.6585100374545492
4.2060184164383925 0.6629898808599981 0.6584947218600044 0.004020679401909711 0.6569145882432887
4.215584951681211 0.6625533906734259 0.6576763906706007 0.004018792403743978 0.6563510439344257
4.225128755124692 0.6624708852853066 0.6673971077939485 0.0040180496413905215 0.6562185289325788
4.234650739007196 0.6629133290691134 0.6590277229408444 0.004019030177185498 0.6568066530466141
4.244148614470616 0.6633681794374467 0.6688936902555312 0.004020049759690042 0.657465350871672
4.253624496584166 0.6635139225727004 0.6654114787848515 0.0040200663504322345 0.6577889178843968
4.263078794512334 0.6630161183539158 0.6540402743997557 0.004018007957063639 0.6574414064010797
4.272510211304774 0.6607365371274531 0.6639398344982993 0.004010149075272803 0.6552061867694315
4.281919085500088 0.6580701266219108 0.6657684930778014 0.0040010821220491976 0.6525463623831483
4.291306909848093 0.6548596433456089 0.658646944090266 0.003990223173199636 0.6492906693488039
4.300673397038682 0.652338504890736 0.6558264448748145 0.003981629394671055 0.6467408872527289
4.3100173409748574 0.6505066177736666 0.6537594855434722 0.003975301149246985 0.644910405632525
4.319339734903419 0.6482565350887778 0.647818190243933 0.003967591242773671 0.6426391297193137
4.328641924451229 0.6458460381459894 0.6464831476194998 0.003959380641882648 0.6401841815036079
4.337921953581586 0.6424159167801788 0.6386670964709211 0.003947821999340588 0.6366622243842122
4.347180696976719 0.6386925243444678 0.6401140902726192 0.003935290028613136 0.6328264201978815
4.35641953527723 0.6362786977975907 0.6358362852295466 0.003927070277696389 0.630464910714436
4.3656366682730114 0.6344181380539745 0.6298409573842336 0.003920653842608452 0.6287150396345992
4.374833119925476 0.6326391343085614 0.6275504936493193 0.0039144977839161875 0.6271001211739561
4.384009308980081 0.6310014285077681 0.6300693277231564 0.00390879520045044 0.6256192085725749
4.393165179011167 0.6301891288538253 0.6376125689503944 0.003905817426569845 0.6248782395912345
4.402299902469297 0.6293624995256015 0.6299570062269086 0.0039027919995685834 0.6241242633499886
4.411415439780623 0.6279334620751071 0.6183876524040607 0.003897786460130931 0.6228051214552135
4.420510487414818 0.6262723391066449 0.6304723329489409 0.003892036063897601 0.6212637970435804
4.429585097721316 0.6241855176042357 0.6306390443570822 0.0038848745566918753 0.619313306773544
4.438640847707974 0.6228262949025779 0.6213913425550552 0.0038800962031518057 0.6180742118281092
4.447675963596199 0.6231093888439592 0.6312625369285585 0.0038807487718194246 0.6184581706837728
4.456691834913858 0.6223411611509123 0.6175186546490855 0.003877936743385719 0.6178036926311087
4.465688731178857 0.6197677483409083 0.6197295782330668 0.0038692118697860535 0.615340371388305
4.4746652945689975 0.6157663842786523 0.6165823514618579 0.003855838977054816 0.6114036799860851
4.483622913887917 0.6095926938608962 0.6040852686124666 0.003835255073706843 0.6052111591000903
4.492562159077411 0.6057005284673477 0.608674661908621 0.003822193542318493 0.6013156285785741
4.501480908112369 0.6048112703108373 0.6076620933854232 0.003819038190258128 0.6004872523584468
4.510381953673956 0.6041107494190292 0.608605383184167 0.003816456347198752 0.5999303368663397
4.519263383849764 0.6035413608711463 0.609470775624101 0.0038143062663285533 0.5995982984580436
4.5281260476973575 0.6031237372344058 0.5993821204763073 0.0038126575984528434 0.5994139559245887
4.536971309778443 0.6028071440569909 0.6049889026248154 0.003811347183392417 0.5993272279582318
4.545796048111036 0.602283097491428 0.5971377051258299 0.0038093538177109043 0.5989758178841786
4.554603793531244 0.6015668661837438 0.6019594355502145 0.0038067496887677684 0.5983768864198558
4.5633925964937 0.5997617807783094 0.5925121146017832 0.003800563794592868 0.5966959823644706
4.572163267309926 0.5969174946870273 0.589486101738561 0.003790969696993079 0.5939704578888223
4.58091654863871 0.5932335381288252 0.590064526616174 0.003778619708635202 0.5903642618732818
4.589650618390429 0.5888377405176537 0.5885613184102144 0.003763889774662445 0.5859994831970775
4.598367689312869 0.5857546548167684 0.5869197498945704 0.0037535003642289464 0.5828889280131782
4.607066681687261 0.5839527906018507 0.5843133110626577 0.0037473597117845397 0.5810216912680362
4.61574789957696 0.5813809163456168 0.5759868843566417 0.00373864885819391 0.5784687194497171
4.624412279277496 0.5780305567513483 0.5796196715986873 0.003727405448981376 0.5752073276341724
4.633057709743862 0.5720432110846919 0.5725913293304903 0.0037074229466079866 0.5694374490724194
4.641687442923595 0.5634113106958542 0.5623416367979612 0.0036786654909583194 0.5611239957837633
4.6502981353456 0.5519019953473246 0.5586788038057611 0.00364028241594641 0.5501417499082145
4.6588927571827226 0.5371745952525661 0.5374903162268907 0.003590948320988088 0.536147787131153
4.6674694348270505 0.5225185177900011 0.5252095122608604 0.003541666397761533 0.5222352208965068
4.676029330655727 0.5078957923176486 0.5087058242938823 0.003492170308346425 0.508394316416108
4.684572741753544 0.4968105705942554 0.49404314368084634 0.0034544438419961752 0.4978647890076586
4.693098614655464 0.4910061332168913 0.4904296375904772 0.003434634526047012 0.49236956204353655
4.7016086890949635 0.48701990237962983 0.48804468148307645 0.0034208878137718473 0.48853430755998734
4.710100644232891 0.4860620502449475 0.4872757617964381 0.003417535135916521 0.4874985437268664
4.718577614410939 0.484722281038231 0.4875217468055573 0.0034128278945536514 0.48607769777739535
4.727036185793214 0.48241851226770066 0.47899824243357825 0.003404806593716494 0.48368758732797934
4.735479957680319 0.48005298737484753 0.47694378299277 0.0033965914872547865 0.4812508000280021
4.743905994140832 0.4774859238840074 0.47083523417737916 0.00338767296967327 0.4786658074737726
4.752316980729044 0.47513858623172744 0.47615055993031863 0.003379501714646342 0.47631125090246124
4.760710812698005 0.47334561596664365 0.4773203914959999 0.0033732378069638463 0.4745657544879606
4.769089420490751 0.4716712223246711 0.4727601735067347 0.0033673680907388846 0.47294509286678144
4.7774513737185975 0.4701886562034038 0.4697103244626602 0.0033621609484455134 0.47153865119268423
4.785798002855299 0.4686328105899344 0.4717305149701075 0.0033566973924047355 0.470059355595395
4.794128398497018 0.466993639751773 0.46369808064822116 0.0033509463390416867 0.4684952633618838
4.802443376368349 0.46532692130960174 0.46560876957006075 0.0033451016495117556 0.46689930662604695
4.810742149230142 0.463594647744539 0.4610490888803464 0.0033390300638647405 0.4652246272386285
4.819025617446343 0.4618004692208805 0.46310897464902057 0.0033327421118068442 0.46348111235635375
4.827293465386821 0.4600637257556764 0.4587074330294913 0.003326652454178474 0.4617984709992094
4.8355460523277785 0.4583606119959754 0.45958263676944155 0.0033206865447470923 0.46014758235130243
4.8437829069911995 0.4561887897028733 0.45253389278347195 0.0033130919753918673 0.4579813557113693
4.852004756317375 0.45378234728372213 0.45197293971601094 0.003304689872627068 0.4555438966261788
4.860211301112486 0.45116295756471575 0.45480142719839334 0.003295553242964508 0.4528463676219662
4.868402776861875 0.44810480192713986 0.444532033084411 0.0032848926696572734 0.4496562625609484
4.87657894074679 0.44450700745837723 0.4482343138315962 0.0032723578452773386 0.44587879809246
4.884740610308153 0.4401820985655003 0.4422853557162951 0.003257275333525498 0.4412974884626212
4.892886694471239 0.4355756312557788 0.4308033506800949 0.0032412118100532674 0.4363901443527097
4.901018676004912 0.43006635012878147 0.4330797938742704 0.003221947606119261 0.43049267975886346
4.909134977771611 0.42443286897598936 0.42386226927311005 0.0032022265550816988 0.4244273839803098
4.917237634043126 0.41835579757530256 0.4167715543669332 0.0031808862575845374 0.41783948611548166
4.925324446630525 0.4123338098677462 0.4132260263444162 0.003159655813842896 0.4112913335872661
4.933398134829128 0.4071475541508992 0.3992406664296461 0.003141320513179877 0.40577309228102826
4.941455747418271 0.4022803654005323 0.3999452819486344 0.0031240304741825846 0.4006190890771092
4.949500574148831 0.39889732059321464 0.39973794270181157 0.003111990517210643 0.39721553997654313
4.957529272260983 0.39622038681353566 0.39435555832595526 0.0031024092228336625 0.39463872650260856
4.9655452659843 0.39454652271353113 0.38599791348856405 0.003096380542564285 0.3930199077312605
4.97354573813123 0.39375311175454897 0.38865018390475586 0.0030934757126341817 0.3922484648613774
4.981533127718194 0.39342070989845973 0.39784355640141733 0.003092189898633039 0.39191707395911723
4.989505570332332 0.39382236172244345 0.396455513407639 0.0030935192527065817 0.3922887551720406
4.99746454478636 0.39459660422937515 0.3947163179519049 0.0030961426900499214 0.3930423204737104
5.005409447756558 0.39651684081149496 0.39507571417908766 0.0031028592355763396 0.3949636939489445
5.013340281098164 0.3984229974520475 0.3959877073045987 0.003109503841631708 0.3968859154999381
5.021257830036363 0.3997761720140091 0.397160584628828 0.0031141699876028658 0.3982442611147666
5.029160621649585 0.4009262517357041 0.4033256473815034 0.0031181517925769828 0.39940490004710044
5.0370505697439665 0.4005420194529371 0.39524724635857195 0.0031166980811726005 0.3989981342519383
5.044926341689748 0.39849955571281337 0.39904466180839476 0.003109374333635962 0.39691848906918015
5.052788665119484 0.3957071110465558 0.3952589050677856 0.003099401415898905 0.3941273668574655
5.0606377935901135 0.39277800491304116 0.389758103020236 0.0030889468020674766 0.39123201298997745
5.068472910824403 0.38966249799652325 0.38768636726174177 0.003077821682543331 0.38814292985027776
5.076295801406099 0.386128895559747 0.38442284083718103 0.003065190700033552 0.3846213969068083
5.084103674368654 0.38217277807383276 0.38263929871281727 0.0030510704850169232 0.3806850889076874
5.091899712598683 0.37616555258776035 0.3735766961849642 0.003029526456200745 0.3747564525523025
5.099681505093993 0.3698789009346145 0.37013354724227543 0.0030069580904517326 0.3685452541294565
5.107450657487455 0.3629054818774818 0.36187147096285743 0.002981807066820716 0.3616812663310972
5.115207056598136 0.3562590440966285 0.3555607223403922 0.0029576522724181296 0.3551149043515969
5.122949443628 0.35459868753745244 0.356472494195675 0.0029516440157614176 0.3533274131326462
5.1306802536702 0.3548224697106781 0.3569705978342662 0.0029524074214994514 0.3533673914763242
5.138396688682079 0.35572687815406717 0.34958419198265017 0.0029555863659239574 0.3540795375009383
5.146101168408605 0.35811567152735446 0.358966215671911 0.002964186828087519 0.3562438784176624
5.153792503046549 0.3598793646705131 0.36018498059889276 0.0029705356813628705 0.3578454679926192
5.1614709228926845 0.35825182384323906 0.36211515022662044 0.0029645328529588335 0.356245792093935
5.169137380954162 0.356055667285079 0.3554465166638484 0.0029565218977863476 0.35410925208341393
5.176790461846894 0.3539180103484539 0.35205629847891645 0.0029487281290956828 0.35202107498611607
5.184431084171856 0.35180498108360747 0.35817687856403846 0.002941015722175136 0.3499549635967425
5.192059796083042 0.34966173949322876 0.3481066227990071 0.002933184552508053 0.3478556897178462
5.199674827397713 0.3474881893132638 0.3459652154819467 0.0029252252973290603 0.3457206762512575
5.207278575337391 0.3457128191895752 0.3477742502219206 0.0029186903716501597 0.34396867839232514
5.214869140309797 0.34534524165015684 0.3457623932187486 0.002917323967188986 0.34356951139348846
5.222447615347904 0.34493476458179545 0.344951678084187 0.0029158074432825364 0.3431391025423131
5.230015006897815 0.3428187125624094 0.3412197730906371 0.0029080236304017226 0.34104414204696726
5.237568466208089 0.34015943041365665 0.34193757092124594 0.002898304520638193 0.3384164571694896
5.245110964662393 0.3358048069188166 0.3339337856109218 0.0028823705641717384 0.3340782849852993
5.252640889229666 0.3289038013650851 0.3306273861357655 0.002856993635147757 0.3271701176268346
5.2601583969915024 0.321052277557618 0.31925550722223106 0.0028279503464777463 0.31927351778257923
5.26766437745939 0.31552387349324823 0.3134605134031666 0.002807494806993522 0.3136070192664211
5.275158341451031 0.31023556816714243 0.3117287565491736 0.0027877649368266296 0.30819541446572235
5.282639970089039 0.3054388204193295 0.30640793655884235 0.0027698136736965767 0.30343955708462095
5.290110882103224 0.30077219600408606 0.30018904125245904 0.0027522864568811124 0.2988638204107193
5.297568853064386 0.2938194345441419 0.2937941923436608 0.0027329616215169615 0.2937261031001621
