metallicities age
0.015390554332581087 1.5931987136815768
0.014135807045187342 1.7677850073574581
0.014752477571489757 1.6311718000936406
0.014809785887950514 1.6313230629972595
0.013751888979204934 1.7137766820068139
0.015016519330170622 1.6181003398824012
0.014240164533499378 1.5136568210825512
0.014862312406231199 1.6221546551151083
0.01548824923501022 1.590848740825701
0.014777163498884464 1.6233007818837593
0.014638816734359251 1.5512843820319404
0.008124594832798574 1.442030483264587
0.014994973858362702 1.6157737221770974
0.014638582813865682 1.6508373927256017
0.013071092851225923 1.719393026192008
0.014902856377065397 1.6467551840126404
0.012520218319169855 1.9729587594115743
0.015092033721613534 1.6196113185122498
0.014896416987071443 1.6238143908673035
0.014018541219077892 1.6369051034794746
0.013686955535849163 1.7996870127806315
0.009426329331337318 2.3175100799051935
0.014219116654413028 1.7695678452859902
0.014963656132148362 1.613566973671903
0.01459049718158763 1.6239417179126279
0.014985682693432742 1.618863406222116
0.013409002613024681 1.798022445866771
0.014800009505453847 1.6845301328223807
0.015308768743790276 1.6068593653133285
0.012761677564193835 1.8189425228623137
0.014135848006645357 1.6229052345692172
0.01507953174894344 1.5906988207940869
0.014280062121625596 1.672056169088262
0.01465056087311218 1.6188112693212848
0.015002238739096625 1.616632762686332
0.014350745396266787 1.6178950147600888
0.014967255861687873 1.6405775914391845
0.01003211341911269 2.2574367075474506
0.014996169644824153 1.6255928371595958
0.01497176992511491 1.6069710449411974
0.014885828093564849 1.6750213299196484
0.014893036389226367 1.621094567538059
0.014792880557042273 1.598642534772391
0.014941334397954855 1.4695703184719358
0.014947184245471938 1.599692376483326
0.013734771823613092 1.6080395987665304
0.013383262215289559 1.789549265322481
0.014859774737388367 1.6010111472910582
0.014502122619185901 1.6791061888377536
0.013514440931442702 2.056799757717398
0.009039056582844067 2.3107472839887917
0.014984123929500423 1.6155346652633407
0.01385996953583031 1.7207651986319483
0.011906620074259595 2.011594767307559
0.01490661607556298 1.6533769863988028
0.014935070629336286 1.616719810853813
0.0149711582429182 1.5696408764576386
0.013841696026451314 1.8162800945173558
0.015615608719896631 1.6876056913671063
0.012928362144363218 1.7374929778987782
0.013340703714168341 1.6080599559986946
0.014976047338561413 1.6209539721361992
0.012032397568660477 1.9974772235854414
0.010548208149533058 2.1796501968087902
0.014915100807902178 1.63400752257945
0.013834970713632513 1.6439003022449292
0.014403780470979642 1.6463100241457027
0.014208922570633402 1.6959963773379059
0.01464790659135586 1.6501321854285964
0.00875850308002155 2.2112339647527546
0.014859083307181782 1.6345000272823886
0.016538567427467774 1.4891013318253559
0.014644306869628445 1.6537987891660602
0.012984768220557602 1.825170579500756
0.015001950199306929 1.6614858648731599
0.016440988665489414 1.6297219619451542
0.01498451824659634 1.5988118685260622
0.013618130826456765 1.9274057810950362
0.014598766015637147 1.6435819637220515
0.014212989814941662 1.7509157031872555
0.014575196757607062 1.6587900651296295
0.01512521799755814 1.6031701755651453
0.014855338537625124 1.635657037055556
0.010557177803902496 2.256782607969516
0.014988519493175223 1.6042547653526527
0.01476815992878443 1.5923344379318294
0.014333555907535619 1.6974334362741688
0.013984615717915054 1.7463928955988537
0.015103762966618755 1.6136890921086071
0.015404427480535604 1.6127718555799384
0.009852375780980454 2.342995407310998
0.014106015290538202 1.7625376807037583
0.01649289529910789 1.6743381549493224
0.015014490861301341 1.6182145337759326
0.01390940461206083 1.5925858377221853
0.008714647329982969 2.387685158100818
0.014919442155028398 1.6323905940914054
0.012088376458539215 1.6199873012304598
0.013425617250643231 1.659996631320337
0.015290873304980093 1.654374881102989
0.014663345722666931 1.6448477326997286
0.014780243066150733 1.6415255798464168
0.014602746594631318 1.6490455710574559
0.014300054220630685 1.6912569128502295
0.010406104223414633 2.2438079141235208
0.015009222794493886 1.6717083580546996
0.012723862167327614 1.7029679877431478
0.014778826803612971 1.6446316953559164
0.01513827762166522 1.6204552305717226
0.014896064876467429 1.6186358554824016
0.013684134375179647 1.7826750802914026
0.01547120284186204 1.5934108330742562
0.010736809820860897 2.248798798353602
0.014790226914855651 1.7520525174450368
0.01499765393988417 1.6196090772707765
0.011103571233589335 1.9146821990813356
0.013600326634543337 1.641253450633843
0.015413026822295905 1.581190419782579
0.015065698610172209 1.6144876370693504
0.013038692365217023 1.6974388995545115
0.014560874295387218 1.697157939138331
0.015249754572800893 1.6304799858366772
0.014090117352699487 1.7166105819794215
0.014857247817337578 1.6123966462263808
0.014842523282662197 1.5368380495957423
0.0156736682124124 1.6594812272844335
0.014898932020087154 1.6314775683697127
0.014680886503412493 1.635729192735936
0.014138331291902626 1.7294716133094683
0.012248872265135055 1.9796107680109645
0.016514755545326734 1.5974997743890669
0.01532551358776869 1.61931985433499
0.014890648798140343 1.5930410636019625
0.013580866805946024 1.7316232107154779
0.014942896007393246 1.6376752205237681
0.017279424571998273 1.5552243809658395
0.015001819178523449 1.5915720686243633
0.014777173560364051 1.6183038092860986
0.01392008570203985 1.7925756105735002
0.014912090674929348 1.5990760321860489
0.01502134057428434 1.6223960909047825
0.011214933909143288 2.0532650632255223
0.015157045623288175 1.6139381343620351
0.015198014840295159 1.6143806621072219
0.015508651983124061 1.6312762625593598
0.014598242146260595 1.6860925796233333
0.01486134524215641 1.6077171562733386
0.014799655811510888 1.6294523243123753
0.014643373749558514 1.6435650284553314
0.015028255564412391 1.5808407217691798
0.01520259640277646 1.6125709234005128
0.015345999071704893 1.6078074011028523
0.015192120216357312 1.5767123613429348
0.014878760031075597 1.6070803212234879
0.015074577304602292 1.5644102643152331
0.014697899347966364 1.621194069683924
0.013908004575960864 1.7400258756261617
0.014175379496025759 1.726190470600467
0.009924436006239275 2.03811557035516
0.013238549575070367 1.8853054739545456
0.009648609038568592 2.231212250762829
0.014283230612653495 1.7155852137794199
0.014907895362634946 1.6146149671266077
0.015243918243347917 1.5994737386649833
0.014865353298558332 1.6152701696810674
0.015000437723510516 1.6156455540081085
0.012993842455747447 1.9365182030585983
0.014380136913048399 1.6773404133731236
0.014742736820972553 1.6460677174930436
0.014844742530174947 1.634098074181807
0.0168655279804982 1.5368967300313532
0.013917808864417819 1.778447978415414
0.01259887497697248 2.01301767304589
0.01039729306462352 2.360662223431635
0.014668044697958998 1.6469717745152574
0.015259548468875573 1.6119469629587513
0.01382144874661593 1.6181886319450933
0.014819685885107757 1.5944256404886017
0.011469947330135448 2.0460782972555847
0.014977857522936235 1.617136685428424
0.014604614029854185 1.612702548584741
0.014973194227582145 1.6246187891478077
0.015024247279579952 1.6221580153346569
0.00868303711555284 1.4434423270439765
0.010273733723291607 2.197876280180744
0.014728149311242847 1.6197493716272284
0.01424856735672066 1.6308041160201627
0.012839124914521013 1.8365231453330082
0.014784261565858502 1.6365174993216052
0.014957696534459755 1.5671152305565785
0.014985178264803896 1.615031985352666
0.014904247630267348 1.6412690896522208
0.014961538305819335 1.622740243699899
0.014939924544604325 1.587904927010647
0.015014303203031884 1.6133563633268246
0.014815100800148565 1.623290080744293
0.01481607922677676 1.6191211189064678
0.0149040634065772 1.6411206405745036
0.013547744065222819 1.7099691595362039
0.014947107088946643 1.6277374245633964
0.014851484722043848 1.5915991318031177
0.013611070870002798 1.7570355847929202
0.016170883722599217 1.6311969203779924
0.014940833605090877 1.6239631476099448
0.01519117799378938 1.606142841929886
0.015008635310821243 1.6165813182744366
0.014688136145646244 1.6194127972008276
0.010567629528031454 2.3001475377356813
0.015209320016958247 1.5220482598290928
0.015003422692564557 1.6176977021291163
0.016625336950359983 1.5548995565890185
0.012669281446096256 1.7518729249000347
0.014694909199144932 1.659447100005972
0.015748437237518214 1.5898591618812299
0.015121043293625357 1.6127194206691242
0.013343216433649004 1.8475995069367874
0.014347362034171755 1.6582229971626765
0.01564848475173098 1.6042987258339823
0.014818197859387911 1.6368061815683328
0.01496930348591944 1.6111664829991759
0.014994053515886502 1.6233547245686708
0.009842424712780167 2.179060573451273
0.014911686354354761 1.6347161194848423
0.014811664970831685 1.575789239781804
0.014870124789854552 1.6231908914312136
0.015091036385841212 1.6157382221844918
0.011006625033588424 2.190281994486963
0.014822281533561101 1.5877056529306537
0.014973441174989006 1.6100666894940985
0.014974960800745216 1.6164152897925363
0.014938768518959327 1.6329552358088133
0.014910793386597607 1.6135949860031
0.014923667870154662 1.618801249752678
0.015435829320070552 1.6226291974429268
0.01497924789998322 1.6214112932741034
0.015646911019146004 1.6115745614885917
0.014791813617916998 1.6169965289307457
0.01429679209640025 1.7181535646075639
0.015009725747099075 1.617203925657804
0.014987916716153724 1.6252329506985357
0.014804230658628308 1.6420781828232542
0.014345398574033389 1.6988482359827453
0.014986022657771388 1.6256910926022987
0.014605484470396076 1.6891422927553488
0.014978081990399388 1.7933228130616166
0.014948716808312935 1.616593984297868
0.014772717210897256 1.6456147064845719
0.015020367111863496 1.6474663328970227
0.014464495994320488 1.64169979702018
0.014190594206843087 1.694768591871873
0.014834081903736791 1.6248433807693952
0.015082769110025733 1.5836150228808301
0.014500543200296503 1.6099819772259394
0.014859196478327666 1.630044493917952
0.016014026421430252 1.7882880345163412
0.014966208766044658 1.6050704885069043
0.014933009721145843 1.6148444213195472
0.014754494908882303 1.617642191302457
0.012519484521939017 2.028919137458971
0.015003438046889047 1.6339642557075436
0.015214590424780142 1.6135524853233907
0.013831111371081678 1.681390194942408
0.014649226649382716 1.6403695435767673
0.015001109553046708 1.5619580584820503
0.014987774062971988 1.6203033498133455
0.011991784268012801 1.9005800754884838
0.01471985583227854 1.6221859977856774
0.014475654888602413 1.6673666349904643
0.014942869842346405 1.6173379278736386
0.01165047851293206 1.6071780524974733
0.014625720637529808 1.6941891355247007
0.014676235192630002 1.5843971807417998
0.014750368088139643 1.6318592857798733
0.013740414353752698 1.7615127132997035
0.014486601978782848 1.6526308690880052
0.015156341540486602 1.5840065176663467
0.009382409812569494 2.3866828524862265
0.015515531538959251 1.5867947552917907
0.0149907535750906 1.6346649829680502
0.015313904643486732 1.6745706857396219
0.01571926818662827 1.628543586075568
0.013731282812054862 1.723348994800008
0.015020705679640955 1.6087761180971552
0.014878447265511761 1.6291197506086306
0.015006061164162235 1.5997924161962769
0.01474916576054327 1.6388583409432145
0.01402358246888271 1.8937627354801447
0.014960377603483826 1.6124455047101425
0.014993168127444334 1.6332979458046075
0.014596139197095057 1.6655931273050564
0.015266607479105422 1.616429487935834
0.015056718191420774 1.6112706646473216
0.014702044567679422 1.6140583985200798
0.01224383990459739 1.917328680759275
0.014951640921218475 1.6326423539082975
0.014910195983833995 1.620560299676476
0.013140815681945183 1.7881125850199469
0.015927963021551642 1.595476407333807
0.015335333006970639 1.6170692458671392
0.014881018938872413 1.6259363545030567
0.0140358629231582 1.7165313887389526
0.015009909654998103 1.6002690283936412
0.012118913551709482 2.0396962437934087
0.014826512383499729 1.597591120725618
0.015228634232953456 1.6105045987403042
0.014971135353415564 1.646244824723724
0.014724154113923797 1.5975459975325588
0.01356408675809457 1.826853505182972
0.015492046599248214 1.5974142919698637
0.014838539436032252 1.6293097107747339
0.01582117722192423 1.6382325887836546
0.014630905157414996 1.6351657349501219
0.014701905696624136 1.6440365673644035
0.015080792331247922 1.6133071445206526
0.014459855540022756 1.6405993185798735
0.010947854100712594 2.019293528982367
0.014962090798303695 1.6213151452189045
0.014418711064728142 1.7186150671739837
0.014743288945804279 1.6554773671893124
0.012182303647561035 1.9322932199726266
0.015191266567621896 1.6283310466852754
0.014570891127063206 1.635109468130479
0.013804837896202635 1.645880860205375
0.013093480198473286 1.8314669524235245
0.01473193076122392 1.5818600916206926
0.012473288904711602 1.9623791711810294
0.01497362131875857 1.620927481366625
0.015003510127333955 1.6222508289109447
0.015103483019351362 1.6204088911135741
0.015054185994949586 1.6073844466435652
0.01411857878127813 1.7148906467543006
0.014898137901197515 1.6208204646438156
0.015230509159349018 1.682183835898332
0.014941690515680854 1.5099140724351259
0.011999819179723625 1.6381417584778495
0.014836598986408711 1.6374330954361973
0.014452333095169221 1.8401672931991038
0.014045883815713629 1.7839640275386826
0.015067713552371968 1.591070353050528
0.014846492074073913 1.6142277900509647
0.014556800689992135 1.6681390112902286
0.01440880287093034 1.6800018087172364
0.013887872121987898 1.736977351332384
0.015314401515640565 1.6040469157308515
0.013749248704816858 1.7755494006741002
0.015105443302002157 1.6093895459503123
0.014154516869318021 1.578749099486228
0.014518580394773124 1.684901181049718
0.014620529317764535 1.6039822376597634
0.014828869105125845 1.667460252524643
0.014496718950660228 1.6948837310651037
0.01455599446959612 1.6799512387872477
0.015025305469928573 1.6202708633569216
0.015017119910996113 1.6157283532942512
0.014866647721942247 1.6077124119011046
0.015017109303309068 1.6054326660881868
0.013729866399537008 1.64855357536597
0.014304399829472854 1.7294151429921591
0.015003117728041141 1.6210993362144837
0.01505678535519195 1.6019925254099163
0.013350240083817107 1.860866678545854
0.01495228532236914 1.5830457708597747
0.010616889880511094 1.936008545086705
0.0157007070890646 1.5825220493608194
0.014791173091100684 1.6203165696544861
0.0149696878520103 1.6212452285624246
0.014210474422071568 1.7166974707856784
0.014862912339429043 1.5839424594697051
0.014606452592916229 1.6328449937065346
0.015022296479933608 1.6098206279356706
0.013733187055694245 1.7314488820634295
0.012634789773531777 1.9403451592573848
0.014133184550932059 1.624814284381804
0.00969935657120905 1.46091617801161
0.013518338140770678 1.5922066611888135
0.01582540867165747 1.5609949706818058
0.012655808291358808 1.769825158279183
0.012623102613672712 1.5958291016621255
0.012962680525275582 1.774035528835038
0.012433050352611951 1.8749925860231746
0.012942679728394187 1.9030495602893942
0.014505074913023379 1.6593473125600355
0.014971882156864834 1.6233960182794884
0.014851221159050654 1.6352720241252978
0.014918129124260137 1.6252386643612222
0.014291313676048677 1.690533082964099
0.014897197883955665 1.6395629420801636
0.014748175882292791 1.6618780099031858
0.014960351027580195 1.622059790397612
0.013610474108622116 1.7603540034631786
0.012907090231537218 1.9225951646186827
0.015083844408381893 1.6075633901095534
0.014777572659138542 1.6476615421236889
0.015175064443069035 1.6074938359601645
0.014563285468224099 1.6601796235949724
0.014977984996980912 1.634795738145618
0.014967138779775093 1.6204625558943497
0.014586896058100573 1.6720850999506744
0.014835670552934277 1.542144448244119
0.014749150976319195 1.6583389911816042
0.015050657129925635 1.6110533707560828
0.013775536635478057 1.7872004075077443
0.015037927580643774 1.6160546105237314
0.00997485972271533 1.9231344526202976
0.015198212581458651 1.5758656314949804
0.013875804554295153 1.7657108475369183
0.014181496917905455 1.7334073025166385
0.015004742616252212 1.6117430655911198
0.014849246207618017 1.618612577819442
0.010456327656672973 2.256884909375997
0.013383586944800149 1.530008618319812
0.01337174684542502 2.0376087746200646
0.013506246239510869 1.6516788076554791
0.013934986962207926 1.6561316932233534
0.015303183872579331 1.6278681146080054
0.008309315904530878 2.3398320988659833
0.014894696187049873 1.6297424636800577
0.015439816016759611 1.6261804187502447
0.014577348391241621 1.6890101389737175
0.014976126471091294 1.6220898817734861
0.01417175546315595 1.6314213460622446
0.014716179035930473 1.6242186481299759
0.013607373771546414 1.6717995214619792
0.01050812878609751 2.2315965398012567
0.014661606088547887 1.5569334387347162
0.014989123550080606 1.6986460426878092
0.013826858924918039 1.7755512392444825
0.014922700597777058 1.731488187729776
0.014958904413817177 1.6200004230425733
0.01679038855277816 1.5417706419889912
0.014942359747352772 1.6238908470920397
0.014965059928827434 1.6209170903713706
0.014977448989480677 1.6185200792171994
0.009570561329931282 2.203560809264161
0.015015322252189755 1.6153272635625509
0.01536641019980583 1.6147484287888039
0.014326717479122413 1.7231421778097284
0.017853246430801863 1.48189309123363
0.014586173850307168 1.6736382718138318
0.014920031067623367 1.6092769804660185
0.015017546010315283 1.6124283709382292
0.014944905794247015 1.622521493383345
0.014646549198982497 1.5855718102656504
0.014907854763695503 1.6400006237374936
0.01484420812092035 1.6191249526853146
0.014106344769747477 1.7037073596027066
0.01505227308471135 1.6302196646920932
0.014455827146179065 1.6092667591350325
0.011606067900374772 1.8412890372845643
0.014820550668031944 1.6240993855094903
0.014121832873252064 1.6887091698991274
0.013513287264857999 1.8230255671535565
0.014917915861031106 1.6231729975503997
0.014949070906713754 1.570905451494849
0.014925040391967138 1.5823215276669778
0.014593956020421493 1.6255551525679375
0.015025647337927111 1.6174001758782268
0.014900395398794895 1.6485187648895325
0.012560131355940859 1.717517145265731
0.014864783959742825 1.6252488575329933
0.014851064631598125 1.585333458676623
0.014789588807159332 1.6324871729902537
0.014953902805080573 1.5292669103316505
0.008906458945080211 2.335931353957559
0.015007038715226515 1.6192755052430128
0.01321932325618295 1.5852255647780331
0.01427574983081477 1.6150563242967206
0.013965919669026015 1.7598024517073194
0.012599053493657959 1.806829265905618
0.014330543839356462 1.6883121854600214
0.01349038899609452 1.8203086624688534
0.015012838071947681 1.620581306935955
0.01464113596672878 1.630770373423562
0.015040326126004108 1.6310233972025718
0.01494774972543303 1.6044351920327589
0.014698135522842591 1.6418690373460385
0.014190661108255178 1.612931442673718
0.014971095820800086 1.6198079180816585
0.011724358917747505 1.8427549299636523
0.014986841996695323 1.6202165806676874
0.0106779460413266 2.1295663472796633
0.014137959691900934 1.74150833920255
0.014163085829334374 1.6489889728593985
0.014969254324744944 1.6466845957067044
0.017654955295456107 1.5321707353386138
0.013846721718271246 1.622415169436788
0.0174952029260796 1.5054196371847126
0.014088414519629892 1.6205644600178808
0.014822118899617076 1.626328107450377
0.015078716533881684 1.6131415589991065
0.015014942651214022 1.6231879835645384
0.014926110990886749 1.6227158835822924
0.014948084067502075 1.6293486720253831
0.01443042859393678 1.5756226099539565
0.01485691165348945 1.6241746399065469
0.014988034811811473 1.623414017022148
0.015001835088048976 1.6209106230996497
0.014990345708413996 1.617406376792331
0.010640837979846952 2.340883251733071
0.01486302694437435 1.616959780254834
0.010110845250802608 2.3251972095088895
0.014906656892184393 1.6341098094676458
0.013867290329279839 1.7859609622228392
0.014343162724204179 1.7043678129117363
0.01482705359323524 1.6154190097197858
0.0148035376408932 1.6048935238928395
0.010670933823375722 1.601134084508755
0.013551790228385202 1.8597641942020993
0.014913883601218956 1.6311858340177894
0.017104899642875718 1.5801018135898885
0.007776602451073569 1.4946284132298757
0.015327505244021981 1.6035139123642212
0.015101781843558528 1.6142802932276437
0.015112005161599556 1.6046362802451526
0.014585754537499785 1.561865643163049
0.015152502652468999 1.6130795788970287
0.014383156253944313 1.6846178519909927
0.013464144612617438 1.6784956374127906
0.01495400904788499 1.6282771794020374
0.014275897530585275 1.7282919888950097
0.014387933275457225 1.8250096926395825
0.008242776636563733 2.438710633454915
0.012530915169411343 1.6103109230982795
0.014639969295090273 1.6608215298470104
0.014675742325898447 1.7137182585788462
0.014689531868338547 1.655552075436422
0.014925812256254658 1.6007104656234958
0.01471463534015632 1.5379520165681517
0.008834549229395647 2.312050516576451
0.010276191362252272 1.9850298955875956
0.014894001503326825 1.6201205190275496
0.012141333099923 1.896478921691456
0.014776464038082948 1.5900384143290007
0.0079794796183027 2.402199258550136
0.014433044167095841 1.6848474132824294
0.01484490783650886 1.6190693976581543
0.01490730737532427 1.6046823954243725
0.01451560091805119 1.6634213954559427
0.014983751717252785 1.622933913368684
0.015028305104963731 1.5765124483172135
0.013491548190951287 1.826689089380734
0.011180765546288666 2.1198857196920824
0.01389672935192588 1.7404764126907757
0.014738798221524484 1.6563705051562199
0.015517411118899805 1.5842055040006455
0.01746103980732327 1.4920717339455614
0.015026917676720911 1.6201289211410252
0.011059277130588992 1.4844750809843401
0.012857799296971483 1.8548433032073184
0.014840614133990437 1.5624204323305597
0.014795371629292226 1.576977433110741
0.013546094054993466 1.8457959438766807
0.014621639637779094 1.6337145568899762
0.01495718635745541 1.601507222888003
0.012317137037607544 2.0733398270134207
0.011936579332065716 2.057861591246059
0.014941077106112631 1.622184329871422
0.013759001754365749 1.536075505079299
0.011675048150533716 1.9563017600477381
0.01585876432660377 1.5333271644034296
0.014595567399687535 1.6259644850436474
0.0146352299539192 1.679192551094291
0.015264493305076971 1.6210177370492374
0.01469065613927748 1.6217046760964076
0.010679683597055772 2.081989763327734
0.014769309235712142 1.6436139070729574
0.014870649027753789 1.6156545463174932
0.014789788671745789 1.6427306449404182
0.014178067384968853 1.6041298688480354
0.015111726240341832 1.6237059449732956
0.016214990960119798 1.5266795696082665
0.012343385674304269 1.9798865459360673
0.01524554127431257 1.6069076869762575
0.014705953814925723 1.6527707696274536
0.014994017598237801 1.619102366722772
0.014989835822499438 1.6206547851946307
0.015003137830954432 1.6232115388857107
0.014842000728379736 1.6415317567784513
0.015119176364924559 1.6166501414638028
0.013775239993658848 1.761671752101563
0.01486548494335629 1.5741706509597235
0.010478210124280043 2.0862676763568273
0.011946730374088615 1.851123850030488
0.01499730499153454 1.6280813141446149
0.014480388411296754 1.6897079077963606
0.014776516395887708 1.5651548275765497
0.01511407855457419 1.6071897427106134
0.011326416217973399 2.050957599167362
0.01397467192807911 1.750077841455714
0.01497883108199284 1.6209193282367282
0.01467929680524274 1.645230223558609
0.014897208644601482 1.631887208976351
0.01405569474247065 1.7439960675994393
0.014755728095735703 1.6134308405966615
0.015011126970047904 1.6084216629275074
0.013013651985608785 1.8705086963968112
0.008253328524763754 1.4666212179899962
0.014943322441328252 1.6224349287872848
0.01506380174114106 1.5883297255735995
0.013842670988653043 1.800488607340797
0.01564380998694904 1.613629917121894
0.015045290700601892 1.6188445690592492
0.014916327234787289 1.62058329080542
0.014926018054704374 1.6230089797581662
0.014727907147361186 1.6362181755587386
0.018129866903448772 1.451383984593684
0.014107217371640142 1.6538993836725433
0.012063135264874333 1.9894346490629304
0.01490436076068963 1.6076582696491644
0.013960300553171498 1.7371624584389564
0.014545463609173435 1.6447950339019293
0.01489239510643521 1.6007891403666086
0.014994608738156388 1.602347230600518
0.013754539441259487 1.7490285478289072
0.012593756120887365 1.9110598553262907
0.0130026218018562 1.5600860544714261
0.015218370953441944 1.5988310602793279
0.014827591346850265 1.6209544571145442
0.014527859368505001 1.6542172362090388
0.01332435043392229 1.8229479118454592
0.01489233998574872 1.6248097700668664
0.015183005316520837 1.7942853432234998
0.014631260061574678 1.6857168462450645
0.01513697411777151 1.6101416659362038
0.014934093836189398 1.6099758222134397
0.01497889674668698 1.6205685917345007
0.018681783394606404 1.4377618362970148
0.015592202687001101 1.5872910558309836
0.014917585921776283 1.6419476054150024
0.015152271580070757 1.6278881216960244
0.014928368265733336 1.6294636288841995
0.012948525782149672 1.9219384432769382
0.014065099514379472 1.8769920458476443
0.010922540201030177 2.2002916851171292
0.011833770339583419 2.0753729966888987
0.0080312085798698 1.4362260296623166
0.013856576455104533 1.600031502429599
0.015067000598427997 1.6262133155478218
0.01176640199926867 2.021018301014514
0.014459309472067465 1.6040407081530994
0.014692089667392386 1.613161522462156
0.015096388497893373 1.6051104198349937
0.013623802770990966 1.791438969036395
0.0178110637983032 1.5428946374725139
0.013917815698351883 1.7472631529524736
0.01491990059898993 1.621908893378692
0.014940451502887761 1.5434590466319515
0.014943114683214912 1.6143348255692775
0.014898167254976363 1.633049242921452
0.015456459963031247 1.6003939927177302
0.014536977372833734 1.6399227257324458
0.01246112110115535 1.7364003069834195
0.014860090612779556 1.62902329330594
0.012512821740455482 1.861923674866135
0.01508225440179956 1.604029326413628
0.014717637061693944 1.614153265408266
0.014999072862684643 1.6159807447795542
0.014953097422264918 1.6187193153021135
0.014914577992583899 1.537420777218791
0.014631400426888283 1.6399752162887602
0.01364861427826737 1.7119819605132982
0.015120716849051166 1.5866530036971818
0.01515678593991032 1.6192375168871884
0.014967367227994067 1.6638843543202575
0.015170611973870388 1.6120702755108083
0.014479276223139078 1.6623109683908903
0.0147733781278905 1.6518920443240714
0.014220295332997552 1.7357573172306928
0.015211566284048803 1.5046093772642353
0.01273830723764875 1.8715131793697037
0.014869011826494706 1.620662209204004
0.014994590035029834 1.6196715367166317
0.014924480089292785 1.6288459388004763
0.01401217646298198 1.7292683681456138
0.012347964971048763 1.8363292683260761
0.009523635907081069 2.40092743647764
0.014131653867342019 1.7813171656269426
0.010530167476193088 2.256959489118742
0.015269758560685747 1.6103057727884076
0.011293315847647077 1.8898308836193851
0.014950224611371063 1.565776654384649
0.014692338500025184 1.6409840227931334
0.014961699196060564 1.609104785550651
0.015021557840240481 1.6170117369364974
0.014905380483503147 1.633884015902263
0.014934040038000933 1.611637220776666
0.01510851957158264 1.6121700661221618
0.014992209086807437 1.6108771908069746
0.01448113451774614 1.68427730085843
0.014908328157945638 1.6239856097377803
0.014977398932602018 1.6179455847002666
0.014712403843279912 1.5891200889664017
0.014971503763580791 1.6122478058903231
0.015046723123397372 1.6113750960484026
0.00988561721088945 1.4410711488982066
0.014548058315641883 1.6132168360832269
0.014965017845318524 1.605181411113433
0.010835206388929385 2.241970261324501
0.01413621235566586 1.693051724381165
0.012808223169686439 1.8511601061181238
0.013916616130536227 1.5863018859064402
0.013452782254872833 1.843590169212252
0.014930636377489773 1.6545261903122628
0.014635837170441365 1.6272172568432188
0.014864620156660104 1.5899660121118298
0.015376369886364417 1.6112019977389478
0.014827490370651177 1.6221170130815432
0.014846276158952482 1.632938453178308
0.01300821110871082 1.8069430859878315
0.014969784655814151 1.6249055406661368
0.015029307907163218 1.6229529158109008
0.014986619448221229 1.6338878070918728
0.015142813834422897 1.5945076005875998
0.015055342540911303 1.5669409469230893
0.014616346329031365 1.6079316758308457
0.014948883074148189 1.6127934643553656
0.011204385432906193 2.067670052224058
0.014113298627682902 1.7064061687934116
0.015031528793427123 1.6328017380633757
0.015041679299848803 1.6048125591392373
0.015028039736766583 1.5978924694215375
0.011925547712300371 1.951799126343416
0.014988540965145881 1.6299052950837494
0.014561608970559681 1.6339901451413235
0.014487933127531574 1.6925004069579594
0.014724066905615285 1.6551362301853296
0.0151107036457114 1.5897569402261664
0.015047351079406468 1.6063056245559024
0.014413409328810335 1.624081886512845
0.015002706143880192 1.6111328487861274
0.013840540328149627 1.6076796365466541
0.013627117159292523 1.6266404527205947
0.01486699962837994 1.6289496746170165
0.01485496965244966 1.600477886537165
0.013659819733523584 1.8362244801413505
0.015012791664682388 1.6036164533503532
0.01313649015055333 1.6002503395283212
0.014473016303844045 1.6621717676608854
0.014966558097743693 1.6174038332505423
0.012306703316511328 1.9544588681566128
0.014976051825597789 1.619429941852564
0.01437265054069993 1.615162600728666
0.014885424140667151 1.6198134776680957
0.014603221796440725 1.616428489794862
0.016195797135729988 1.6497435577022943
0.01514448427061161 1.6442883569864917
0.014952922111624085 1.6207771683635561
0.015173182354503469 1.5971223264019192
0.012881249111321148 1.6170907117182214
0.01495571142815361 1.6179046938330233
0.014524358689011248 1.6320915338178863
0.009199357122924572 2.3118282197317335
0.01503452239873924 1.5989199675142014
0.015008351653307684 1.6081263128763972
0.014928977075167764 1.6332817866485083
0.014314806762074061 1.7271245805230913
0.014922749435238783 1.6829573196682899
0.014396231790710234 1.6893534943452548
0.014957540401652192 1.6192111884451466
0.014959667245017245 1.6107585436561065
0.014731282950002646 1.6509958112874399
0.014742775210417551 1.60274722629538
0.01456839256030866 1.5865216756883125
0.014208571495105965 1.722168421120057
0.014921522077441506 1.6147380292304836
0.014290543843467625 1.6106517585896405
0.01574091482370913 1.546691951560684
0.01461720965621776 1.6983814266588355
0.013663858430128493 1.787093793100707
0.014970166391211653 1.6112182028889386
0.01487869338547805 1.638377440048534
0.014258048327455627 1.640855786310416
0.013994159209525257 1.561440541720395
0.014854069716409643 1.6108274625180494
0.0111901075277911 1.9383768189113961
0.011978923443796145 2.0022732587962278
0.011862446014834067 1.8547068154537987
0.014799067947747163 1.6352342848165833
0.015467985004328137 1.6079980011187986
0.012666013902487882 2.1111883991793525
0.008117483892674889 2.491141070077776
0.014749604123708723 1.6714059806893231
0.011732888929227976 1.6179289161150427
0.014940311058194999 1.6256985451296468
0.014630529236281895 1.6882647449760637
0.01499507187723177 1.6173004407892508
0.014401715196106678 1.62351825120332
0.015555553173448703 1.692695228585618
0.015218462532351467 1.5949990823924658
0.015014264746459598 1.6122122642673715
0.015038013286515448 1.6182305517807738
0.014848883213002222 1.6290604043963735
0.015160945279806236 1.6140270641307648
0.015438522465788047 1.584878465129042
0.014901114850182154 1.6186436543080396
0.014367956832140443 1.6411565998070445
0.01495212747934341 1.5636604775053886
0.0149657718226541 1.6165854620334505
0.014461306464750351 1.6279548247355657
0.015064899825538158 1.5831103962192126
0.010728321657093297 1.8239301472425018
0.014382239210518582 1.6799535544048785
0.014789582466851796 1.6015077902898542
0.014930206143522218 1.6151692270652
0.014932351083510651 1.4953334483448837
0.014437776021626995 1.6874947692891478
0.014974881779882774 1.6046608744188842
0.014080928819222769 1.7648414879308527
0.015039797589769905 1.6095378254441501
0.010557248483407267 2.1375612450585453
0.015108638968971811 1.600937422515009
0.015656833345282797 1.5751393076232305
0.013470403389192545 1.7118841592399296
0.013184587284618401 1.8196166823784545
0.011579749590097325 2.1421725321125824
0.013915016974999273 1.7234617271626236
0.014939420495700519 1.6229469078666554
0.012212097887055698 1.5931300209538368
0.014962535474722944 1.620472707702933
0.015252016610859488 1.6077156132441854
0.014767932769240398 1.6359844172317721
0.014972377620938372 1.4767169918609366
0.01309600542257176 1.6438478081565042
0.015091335344443452 1.6243080853337841
0.01440565777989181 1.6808471035540176
0.014975140188267767 1.5758884502696906
0.01493015992682763 1.6260054786089033
0.014903818119988806 1.6227187627535655
0.015442398098156153 1.6058542237008355
0.01068279573941482 2.2564704430977467
0.014263777247862628 1.7155551581313015
0.014761028674318 1.6286509055516687
0.007712491424125847 1.4201836625161057
0.01490730064579342 1.622175528712003
0.014146075244511757 1.6884764130304855
0.014989785322088504 1.6144363235644497
0.015025198279531884 1.6337347487591984
0.014977312579711594 1.4727209946337547
0.014928307956996161 1.6138033878561895
0.014848389100273226 1.634187156289939
0.01511006743653562 1.6190004708912218
0.014014097073119246 1.7742980891463778
0.014790888928156075 1.6371227490830316
0.013213608296518315 1.6425031250352011
0.010404783829782419 2.2023903925783177
0.014917083038476338 1.6170465551524114
0.012645761271031692 1.9959347787640773
0.014463639648555154 1.613992090419693
0.014669260766450708 1.6153781784580594
0.014884487280099336 1.6393316902468946
0.014325684542547948 1.6308427141999184
0.010378361297997761 1.8713513791857581
0.014772525824038776 1.6327469682182636
0.014929575537226281 1.6141596285022968
0.014518788170444363 1.7112277981017532
0.011886337959971491 2.027524601861
0.014987578287675784 1.619158138540689
0.014583554602052505 1.6298775041536497
0.014856370862860959 1.6365333231616912
0.014977277909644461 1.6153540211021218
0.01494846458964579 1.6117593331032705
0.014197181579373889 1.620180888674434
0.014966423666440366 1.6152942132948478
0.013798777220611848 1.6648488365303782
0.013762496580754024 1.7839638659692116
0.014978257161669142 1.621146994271035
0.014651797491822082 1.5405582550576498
0.01523537002089603 1.6192860916365808
0.012096422043355681 2.1676090616176844
0.015720175884781234 1.5926524234716994
0.014713899308825672 1.6016482701116794
0.014822362527691518 1.6279405907704445
0.013622226982777125 1.816556901230251
0.014817799644939542 1.6200681909717718
0.012904409509984041 1.861992619918159
0.014855447634945536 1.6322401630591805
0.014801621455823673 1.6456663142599146
0.009999268537679734 2.264053663268177
0.014970681520364352 1.6215332059952055
0.015113765955006544 1.6305077769543
0.013973472270672081 1.687506566845185
0.014675107290631012 1.642361946711024
0.014655792565695294 1.6177967780514813
0.014970512626473118 1.6144287272882472
0.014882403510008144 1.614004239200274
0.015427964392809378 1.5961272440747807
0.012384372318579431 1.9312471203596433
0.014187913317453248 1.6663504333890746
0.014685685691875217 1.637967000046647
0.014845819275215135 1.6360339049012644
0.014468574824185773 1.6145865041022929
0.014459912609402943 1.69377688606843
0.013844707244883011 1.7211795537029422
0.014614528821228961 1.6736667019983198
0.015376181150447343 1.6298315355673652
0.008791668497106662 2.365687393225317
0.013390671134012965 1.8707607567814852
0.015088964140508847 1.6198976406701038
0.014951926440569368 1.6297962283079166
0.014840024156300353 1.6452364229516578
0.011453247128880151 2.023383381821456
0.014443066357666496 1.5966408612696745
0.014927229963945434 1.635107259446148
0.014395741031071522 1.6578238239423204
0.014607280877139465 1.6627971052997235
0.013939078253431573 1.7548996073500995
0.014788100439739249 1.6169184666651335
0.015033163361861846 1.6222851117195056
0.012769198725043772 1.599699687772037
0.016718770533273444 1.599898735343223
0.014812925433382328 1.6130072068861014
0.014197026313975406 1.6572644906256635
0.014787693131599127 1.6227813423711475
0.014950314814683218 1.621287195627409
0.014966865302785229 1.623359563293576
0.01466554198175562 1.6477948359362342
0.014320415213368557 1.6808591615890183
0.014499297718407203 1.580377511209665
0.015005495558659652 1.6107850164995816
0.01762881741631712 1.5564244856006366
0.013492652592200664 1.8363676016597925
0.015579719856581967 1.604599711806113
0.015781199767468612 1.6009033134498416
0.01631276572789331 1.6206698140886153
0.014869482456444247 1.5706257417438099
0.014951459482823119 1.620211806554253
0.009701139056854423 2.1422171024398544
0.013142769471166556 1.8665425641969728
0.01496580274113578 1.622837631131691
0.014945723330892374 1.6183215184372892
0.014593661551019647 1.6714432386949034
0.013072919214874504 1.664271016388151
0.014378513379870566 1.717127372064262
0.015089632937509822 1.627303445325073
0.014936150966231144 1.6251948622081707
0.014358479638800008 1.6976159545904692
0.015347697923798953 1.6316433628725797
0.015064464419940528 1.6162192289821413
0.014470674412326193 1.6619335197287903
0.015040981674302902 1.6118233507755637
0.01504170592166262 1.6172472386491668
0.018384488435676603 1.4547841709717313
0.013168976269211182 1.8514692332743148
0.014820329290382978 1.594476495507245
0.014150214832230666 1.6858502682037098
0.014049475340482427 1.7387194436542277
0.015129761989599274 1.5910845894146612
0.0178269373607532 1.4641228957943402
0.014950733289563487 1.6208765982715518
0.01434232765388776 1.617629003896051
0.014558562977829467 1.692581371035592
0.014147394518823762 1.897124806434594
0.014346203959876555 1.6996400849534976
0.015278368453727329 1.6269695897573235
0.012117980740903265 1.8896916571176725
0.013710555002296912 1.7764508532051857
0.012956810448062503 1.681818275078716
0.015007433898831832 1.619030739059642
0.014902139081841067 1.636994163063589
0.013761883751309807 1.7058528901570305
0.013640234456631015 1.8356811498515135
0.014671402925618337 1.6441205190409836
0.014946446080226734 1.6832129218187053
0.01410088553868189 1.6349092997645205
0.014850745029632588 1.5977385208540587
0.01327876456454904 1.599783792863405
0.014978545543770884 1.5751431709395092
0.014979333451161855 1.616819296933315
0.01456844685886309 1.6790357256575736
0.014879818828278595 1.6428469954198681
0.014807700904712633 1.6208911532092187
0.013584470182023899 1.6102509779246876
0.01385045207773857 1.6241996428439704
0.01503660479643732 1.6328959559414102
0.014860828634021007 1.633176048808074
0.014952871038834775 1.567823993106447
0.008676054080516712 2.3525831246231452
0.015102517025507394 1.6126437189962537
0.015496601190585694 1.5152113668278147
0.014984539279803352 1.6161064351247008
0.01377273375489583 1.8316254299309604
0.01451181373848854 1.677993229909129
0.014905056932994242 1.59758820176453
0.013714202269851731 1.6862677342665662
0.016477224010067872 1.6193955350964058
0.014672282672297303 1.6251037913901805
0.014529025605827124 1.612221564006942
0.015219551048099616 1.5991225672041702
0.014362372769469363 1.6975131642175112
0.015082474940015567 1.619806934740799
0.014939183249964042 1.6158724292325948
0.00815076601257536 2.350451527884586
0.014349755765964738 1.710457557503545
0.014742307116916369 1.6440605782626942
0.014371028217132494 1.5382807294702785
0.014899438519506359 1.6251240689488327
0.014446883152267661 1.6160573889478194
0.01315677088938079 1.7766757329171865
0.01414200435360215 1.6845114447226697
0.01496722075232159 1.5908013927520148
