Wavelength F_lambda Error
3250 0.0023721719330309556 0.0006233310826379618
3260 0.0024845826655849916 0.0006063181086517638
3270 0.002443711544847833 0.000597563140250982
3280 0.0016756393358228474 0.0005926739641260847
3290 0.002552980996019186 0.0005960944027546608
3300 0.0016815353702152541 0.0005960357467165963
3310 0.0020824304640783293 0.0005781497848619402
3320 0.002233202451683173 0.0005709278663225991
3330 0.002233750739100821 0.0005429521952083733
3340 0.0034701934847200214 0.0005309132407709439
3350 0.0026896887088956618 0.0005155457374487976
3360 0.0023055846812195034 0.0004980630243658662
3370 0.0027613692683087763 0.0004905640304028507
3380 0.0024285994458147506 0.00048175648042717267
3390 0.0020678437079914417 0.00047694712750351006
3400 0.0027843141479364287 0.00045931632922091033
3410 0.002090121995245534 0.00044759245428940467
3420 0.002225292972137346 0.00043893572094335406
3430 0.0013211605416060044 0.00042655818793155455
3440 0.0017204103986132333 0.00041839232322100363
3450 0.001972433425232714 0.0004142985649899455
3460 0.002167241494589949 0.0004143641026317226
3470 0.001960450504560707 0.00040992609610627676
3480 0.001919522052653317 0.0004069695232618819
3490 0.002361176903730777 0.0003942093421625184
3500 0.002293878371831133 0.00038629254465795805
3510 0.0022681143983206706 0.00038874938974659516
3520 0.0023582028383273847 0.0003812758122562282
3530 0.0022018690498302193 0.0003806842616135287
3540 0.0021595482547911962 0.0003538639763665459
3550 0.0022147384507931627 0.00035048569684823086
3560 0.002112179572841375 0.00033960717708514664
3570 0.0023304529155468647 0.00034224102336301553
3580 0.002087897066623721 0.00031850578165219383
3590 0.002401574528048385 0.0003118628156931199
3600 0.002758173931087073 0.0003070136195110497
3610 0.0024612590280702756 0.00029905222368012684
3620 0.002560366513112774 0.0002935611176727693
3630 0.0022793706642449626 0.0002893863568780973
3640 0.002284592157633584 0.00028392053594299973
3650 0.0024177384704615725 0.000277389525515363
3660 0.0026819327573000327 0.00027517041368064436
3670 0.0029007369876763007 0.0002673598852339566
3680 0.0027380845410451765 0.000263773106212021
3690 0.0026327812085804427 0.00025915205967371043
3700 0.0027896653256893776 0.0002538992443644504
3710 0.002819062378338655 0.00025095958935199687
3720 0.0028880474827915024 0.00024521816549446645
3730 0.00269649496680926 0.00024139922542751525
3740 0.0027020482392393257 0.00023692771813059417
3750 0.002952101711562353 0.00023538372168832082
3760 0.0033319657123915534 0.00023430372994993155
3770 0.0029907721154059847 0.00023072121349064216
3780 0.0030309978150848027 0.0002269093739374306
3790 0.0030330119744026046 0.00022757905137649534
3800 0.003229282561333065 0.0002235313094131982
3810 0.0032943577999709154 0.0002219564872182403
3820 0.003154948836279846 0.0002181453845123841
3830 0.0030420160786997297 0.00021210388121039014
3840 0.0030702932513616 0.00021265963943099727
3850 0.0033134395283912405 0.00021056431173243736
3860 0.0033528697463773485 0.00020709378324593498
3870 0.0034201977600697765 0.00020668722711588949
3880 0.0033724058631798125 0.0002044537006824218
3890 0.003366733802357695 0.00020184202529977322
3900 0.003568156755517929 0.00020021982389858766
3910 0.0034391466451789035 0.00019741530725334174
3920 0.003573551554498926 0.0001909803077353344
3930 0.0030217228816555347 0.00018786897046859884
3940 0.0035529001267386516 0.00018309496590279264
3950 0.0035992821418461525 0.00018071601218862954
3960 0.003366897091074181 0.00017901310760265641
3970 0.0033498054085879217 0.00017848313054857779
3980 0.003846358707504621 0.00017646107992931836
3990 0.004314583316036158 0.00017388830072149187
4000 0.004428541951957441 0.00017199462448229676
4010 0.00476179041498936 0.00016968535955483516
4020 0.004739930745168342 0.00016806452539044967
4030 0.00475698598351172 0.00016857520885684896
4040 0.004862252476321026 0.00016490183657039018
4050 0.004921713443543489 0.00016468631588405566
4060 0.004613679088480828 0.00016321149046166696
4070 0.004756391858836574 0.00016175915724163443
4080 0.004831116730781724 0.00015928624616768394
4090 0.00471996086480294 0.00015619174670507713
4100 0.0046100953656933105 0.00015507089332554767
4110 0.004544610466293428 0.00015257120136448195
4120 0.004588618829748734 0.00014990042074652102
4130 0.004855751762899776 0.0001495653428026932
4140 0.004947126736260546 0.00014802894644252955
4150 0.004820750819664217 0.0001451761917158635
4160 0.004743581923266725 0.0001445826296091092
4170 0.004778218729366241 0.0001413348613070424
4180 0.0049000564120648465 0.00014125610860073773
4190 0.00479274093032335 0.00014160996622140286
4200 0.005024235012324132 0.00013859722077403058
4210 0.004937452492043315 0.0001363065960143606
4220 0.005044944469277763 0.00013501076725199086
4230 0.005124634532882775 0.0001348076711141572
4240 0.004939295000220717 0.000133343064991874
4250 0.005015977767740859 0.00013354630892296445
4260 0.005084665194593645 0.00013129782361880006
4270 0.005134900235012366 0.00012995829904136183
4280 0.00507625840154944 0.00012949749118995393
4290 0.004815908328356762 0.00012942539177766322
4300 0.004807003592629324 0.0001271331220465491
4310 0.004694772582985885 0.00012928129893840796
4320 0.005051006294021227 0.00012754410594606363
4330 0.004882681585807605 0.00014068870541323177
4340 0.004816379348822055 0.00015022659484018806
4350 0.00490480678785187 0.00014859237840142387
4360 0.005092427634761318 0.00014647535827761168
4370 0.005190168146411986 0.0001463849835228906
4380 0.005305665489750055 0.00014562528245490962
4390 0.005207674005054859 0.00014308549186904906
4400 0.005274792341224684 0.00014178424467287752
4410 0.005538507567783931 0.00013943715885934355
4420 0.005473559740944677 0.00013725408347449594
4430 0.0055380062525455555 0.0001360457804511803
4440 0.005582904971613607 0.00013678614595274762
4450 0.005688363598685358 0.0001363052009237143
4460 0.005750891873053845 0.00013419374176509857
4470 0.00589753515589863 0.00013346562682400908
4480 0.005709733468200021 0.00013387271097819046
4490 0.005875038558053017 0.00013322803086547122
4500 0.0060745857685246965 0.00013069428121979291
4510 0.00602806379363529 0.00012974261177798953
4520 0.006160885990197309 0.00012810503415773317
4530 0.006035021658709762 0.0001262641880868518
4540 0.005985135093516763 0.00012604415505950372
4550 0.005875013755343886 0.00012509353012075594
4560 0.005920911238730835 0.000124873949771144
4570 0.006218416245292826 0.0001236699390201029
4580 0.006184263648999136 0.00012230818454100496
4590 0.006055048306188535 0.00012137327636410663
4600 0.006133217624089579 0.00012118548632936763
4610 0.0061308130020728486 0.00011931801777869234
4620 0.00614675448470661 0.0001185904878297134
4630 0.00628488181435691 0.00011870501095086316
4640 0.006190077632267776 0.00011799605622729548
4650 0.006247487647858099 0.00011700720850388834
4660 0.005968930910017776 0.00011632034095653899
4670 0.006166066034804284 0.0001154241373539028
4680 0.006042563835843469 0.00011507276557191147
4690 0.006019396472996365 0.00011489381645858818
4700 0.006100327505867483 0.00011627416009223563
4710 0.006042112805042791 0.00011417527541044283
4720 0.006312281087753459 0.00011317697136107988
4730 0.006046257568432878 0.00011338593825288002
4740 0.00621183262172441 0.00011222516723401817
4750 0.0062756654045066935 0.00011196637253400674
4760 0.006115213363189943 0.00011251004030236844
4770 0.006083028848666711 0.0001105583011569689
4780 0.006190295359254228 0.00010998790713807625
4790 0.006206725072705767 0.00010893392543371715
4800 0.006342904797539052 0.00010903960702941518
4810 0.006277134184540614 0.00010798597518835053
4820 0.006094501427398986 0.00010739954601402708
4830 0.006077612103005322 0.00010686944898933856
4840 0.00607674697951121 0.00010644662564949249
4850 0.0058257511319144565 0.00010593458806433501
4860 0.0059726106059430715 0.00010572731472623009
4870 0.006003638022238672 0.00010708142943201997
4880 0.006018517394968431 0.00010594449520508462
4890 0.006195706633182787 0.00010493990902184363
4900 0.006107623206871315 0.00010443105315431334
4910 0.006055307651010285 0.00010577330423225804
4920 0.006144936332414471 0.00010396694748578509
4930 0.006167176255859034 0.00010341623114277822
4940 0.006227054088806001 0.0001030448737695177
4950 0.006144539277942136 0.0001235836787561713
4960 0.006142394003582418 0.00012202128052229306
4970 0.0060914927557421845 0.00011967909198359785
4980 0.006167336603531234 0.00011943866450931936
4990 0.006214389645524286 0.00011963784541299854
5000 0.00595534829011255 0.00011997498715418108
5010 0.005790470152056143 0.00011783512649609872
5020 0.006082251919596128 0.00014398441124285202
5030 0.006011028370097115 0.00014378447570969493
5040 0.006036181038136897 0.00014133515949990946
5050 0.006082672170334245 0.000139187463040684
5060 0.0061312194837929495 0.00014047551447029236
5070 0.006173309537589071 0.00014035027689255638
5080 0.005948850510194767 0.00013928950197623943
5090 0.0060338823178753805 0.00014018348942649228
5100 0.006285001554686757 0.00013836480471741782
5110 0.0062062497620011545 0.00013630183344597838
5120 0.005984587470085122 0.00013662163405784707
5130 0.0060338161347752335 0.00013646040499907294
5140 0.0059234395973923205 0.00013733799612363395
5150 0.006128812385409049 0.00013876238898115215
5160 0.005674242912175479 0.00013459248613445938
5170 0.00558927265512018 0.00013360712696159407
5180 0.0055980677804422846 0.00013432271152241044
5190 0.005794137462395731 0.00013508809813917827
5200 0.005800886950214579 0.00013625435569008035
5210 0.006035669690773542 0.0001354247853134321
5220 0.006007831389373031 0.00013388258776886785
5230 0.006125820071646702 0.00013458221124799266
5240 0.006050478754456961 0.0001322129739417304
5250 0.006056502697181587 0.00013393904125961957
5260 0.006420498478541876 0.00013696156398110501
5270 0.006145179375083269 0.00015328186602415594
5280 0.006140861894637722 0.00015111310048141074
5290 0.006491953300917679 0.00014971184712996632
5300 0.006415015911870575 0.0001505632127520547
5310 0.006627172073115048 0.00015187944798333633
5320 0.0066232556120506035 0.00015094461071267333
5330 0.006285312225043032 0.000153948692302152
5340 0.0066642900100164675 0.00015083795101505695
