0.0 8.0 8.3 8.48 8.6 8.7 8.78 8.85 8.9 8.95 9.0 9.04 9.08 9.11 9.15 9.18 9.2 9.23 9.26 9.28 9.3 9.32 9.34 9.36 9.38 9.4 9.41 9.43 9.45 9.46 9.48
nan 0.4083 0.3499 0.321 0.306 0.2959 0.2892 0.2842 0.281 0.2782 0.2757 0.2739 0.2723 0.2711 0.2697 0.2687 0.2681 0.2672 0.2664 0.2659 0.2654 0.265 0.2645 0.2641 0.2637 0.2633 0.2631 0.2627 0.2624 0.2622 0.2619
nan 0.5064 0.4366 0.3983 0.3776 0.3635 0.354 0.3469 0.3424 0.3384 0.3348 0.3322 0.3298 0.3282 0.3262 0.3248 0.3239 0.3226 0.3215 0.3207 0.32 0.3193 0.3187 0.3181 0.3175 0.3169 0.3167 0.3161 0.3156 0.3154 0.3149
nan 0.6056 0.527 0.4794 0.4526 0.4339 0.4213 0.4117 0.4057 0.4003 0.3955 0.392 0.3888 0.3865 0.3838 0.3819 0.3807 0.379 0.3774 0.3764 0.3754 0.3745 0.3736 0.3728 0.372 0.3712 0.3709 0.3702 0.3695 0.3691 0.3685
nan 0.7052 0.6202 0.5639 0.5307 0.5071 0.491 0.4788 0.471 0.464 0.4578 0.4532 0.449 0.4461 0.4426 0.4401 0.4385 0.4363 0.4342 0.4329 0.4317 0.4305 0.4293 0.4282 0.4272 0.4262 0.4257 0.4248 0.4239 0.4235 0.4226
nan 0.805 0.7154 0.6511 0.6116 0.5829 0.5631 0.5479 0.5382 0.5295 0.5216 0.5159 0.5106 0.507 0.5025 0.4993 0.4974 0.4946 0.4919 0.4903 0.4887 0.4872 0.4858 0.4844 0.4831 0.4818 0.4812 0.48 0.4789 0.4784 0.4773
nan 0.905 0.8121 0.7408 0.6951 0.6612 0.6373 0.619 0.6072 0.5966 0.587 0.58 0.5735 0.569 0.5635 0.5597 0.5572 0.5538 0.5506 0.5485 0.5466 0.5447 0.543 0.5413 0.5396 0.5381 0.5373 0.5359 0.5345 0.5338 0.5325
nan 1.0049 0.9099 0.8326 0.781 0.7417 0.7137 0.692 0.6781 0.6654 0.6538 0.6454 0.6377 0.6323 0.6257 0.621 0.6181 0.614 0.6101 0.6076 0.6053 0.603 0.6009 0.5988 0.5969 0.595 0.5941 0.5924 0.5907 0.5899 0.5883
nan 1.1049 1.0084 0.926 0.8688 0.8243 0.7921 0.7669 0.7506 0.7357 0.7222 0.7123 0.7032 0.6968 0.6889 0.6835 0.68 0.6751 0.6705 0.6676 0.6648 0.6621 0.6596 0.6571 0.6548 0.6526 0.6515 0.6494 0.6474 0.6465 0.6446
nan 1.2049 1.1074 1.0208 0.9585 0.9088 0.8724 0.8436 0.8248 0.8077 0.792 0.7805 0.7699 0.7625 0.7533 0.7469 0.7429 0.7371 0.7317 0.7283 0.7251 0.722 0.719 0.7161 0.7134 0.7108 0.7096 0.7071 0.7048 0.7037 0.7015
nan 1.3049 1.2067 1.1167 1.0497 0.9951 0.9544 0.9219 0.9007 0.8811 0.8632 0.8501 0.8379 0.8294 0.8188 0.8114 0.8067 0.8001 0.7939 0.79 0.7862 0.7826 0.7791 0.7759 0.7727 0.7697 0.7682 0.7654 0.7627 0.7614 0.7589
nan 1.4049 1.3062 1.2135 1.1423 1.083 1.0381 1.0019 0.9781 0.9561 0.9358 0.9209 0.907 0.8974 0.8853 0.8769 0.8716 0.864 0.8569 0.8524 0.8481 0.844 0.84 0.8363 0.8327 0.8292 0.8275 0.8243 0.8212 0.8197 0.8168
nan 1.5049 1.406 1.311 1.2362 1.1723 1.1234 1.0834 1.057 1.0324 1.0097 0.993 0.9774 0.9665 0.9529 0.9434 0.9374 0.9288 0.9207 0.9157 0.9108 0.9061 0.9017 0.8974 0.8933 0.8894 0.8875 0.8838 0.8803 0.8786 0.8753
nan 1.6049 1.5058 1.4091 1.331 1.263 1.21 1.1664 1.1373 1.1101 1.085 1.0663 1.0489 1.0367 1.0215 1.0109 1.0041 0.9945 0.9855 0.9797 0.9743 0.969 0.964 0.9592 0.9546 0.9502 0.948 0.9439 0.9399 0.938 0.9343
nan 1.7049 1.6056 1.5076 1.4267 1.3548 1.298 1.2507 1.219 1.1892 1.1615 1.1408 1.1216 1.1081 1.0912 1.0793 1.0718 1.0611 1.051 1.0446 1.0385 1.0327 1.027 1.0217 1.0165 1.0116 1.0092 1.0046 1.0002 0.998 0.9939
nan 1.8049 1.7056 1.6065 1.5231 1.4477 1.3872 1.3363 1.3019 1.2694 1.2392 1.2165 1.1954 1.1805 1.1618 1.1487 1.1404 1.1286 1.1174 1.1103 1.1035 1.097 1.0908 1.0848 1.0791 1.0736 1.071 1.0658 1.0609 1.0586 1.054
nan 1.9049 1.8055 1.7056 1.6201 1.5415 1.4775 1.4231 1.3861 1.351 1.318 1.2934 1.2702 1.2539 1.2334 1.2191 1.2099 1.1969 1.1846 1.1768 1.1693 1.1622 1.1553 1.1487 1.1424 1.1363 1.1334 1.1277 1.1223 1.1197 1.1146
nan 2.0049 1.9055 1.805 1.7177 1.6361 1.5688 1.511 1.4714 1.4336 1.398 1.3713 1.3462 1.3284 1.3061 1.2903 1.2804 1.2661 1.2526 1.2441 1.2359 1.228 1.2205 1.2132 1.2063 1.1996 1.1964 1.1902 1.1842 1.1813 1.1757
nan 2.1049 2.0055 1.9045 1.8157 1.7314 1.6611 1.6 1.5578 1.5174 1.4791 1.4503 1.4231 1.4038 1.3796 1.3625 1.3517 1.3361 1.3214 1.3121 1.3032 1.2946 1.2863 1.2784 1.2708 1.2636 1.26 1.2532 1.2467 1.2435 1.2374
nan 2.2049 2.1055 2.0041 1.914 1.8274 1.7541 1.6899 1.6452 1.6022 1.5613 1.5303 1.5011 1.4803 1.4541 1.4356 1.4238 1.407 1.391 1.3809 1.3712 1.3618 1.3529 1.3443 1.336 1.3281 1.3243 1.3168 1.3097 1.3063 1.2996
nan 2.3049 2.2054 2.1038 2.0127 1.9239 1.848 1.7808 1.7336 1.688 1.6444 1.6114 1.58 1.5577 1.5295 1.5096 1.4969 1.4787 1.4614 1.4505 1.44 1.4298 1.4201 1.4108 1.4018 1.3932 1.3891 1.381 1.3733 1.3695 1.3623
nan 2.4049 2.3054 2.2036 2.1116 2.021 1.9425 1.8724 1.8229 1.7747 1.7286 1.6934 1.6599 1.636 1.6058 1.5844 1.5708 1.5511 1.5326 1.5208 1.5094 1.4985 1.488 1.478 1.4683 1.459 1.4545 1.4458 1.4374 1.4334 1.4255
nan 2.5049 2.4054 2.3035 2.2107 2.1184 2.0377 1.9648 1.913 1.8624 1.8136 1.7763 1.7407 1.7152 1.683 1.6601 1.6454 1.6244 1.6045 1.5919 1.5797 1.5679 1.5566 1.5458 1.5354 1.5254 1.5205 1.5111 1.5021 1.4977 1.4893
nan 2.6049 2.5054 2.4033 2.3099 2.2162 2.1333 2.058 2.004 1.9509 1.8995 1.8601 1.8223 1.7953 1.761 1.7366 1.721 1.6985 1.6772 1.6636 1.6506 1.638 1.6259 1.6142 1.6031 1.5923 1.5871 1.577 1.5673 1.5626 1.5535
nan 2.7049 2.6054 2.5032 2.4093 2.3143 2.2295 2.1517 2.0956 2.0402 1.9863 1.9447 1.9049 1.8762 1.8398 1.8139 1.7973 1.7733 1.7506 1.7361 1.7222 1.7087 1.6958 1.6833 1.6714 1.6599 1.6543 1.6435 1.6331 1.6281 1.6183
nan 2.8049 2.7054 2.6032 2.5089 2.4127 2.3262 2.2461 2.188 2.1303 2.0739 2.0302 1.9882 1.958 1.9195 1.892 1.8743 1.8489 1.8248 1.8093 1.7945 1.7801 1.7663 1.7531 1.7403 1.728 1.722 1.7105 1.6994 1.694 1.6836
nan 2.9049 2.8054 2.7031 2.6085 2.5114 2.4232 2.341 2.281 2.221 2.1622 2.1165 2.0724 2.0405 1.9999 1.9708 1.9522 1.9252 1.8996 1.8832 1.8674 1.8522 1.8375 1.8234 1.8098 1.7967 1.7904 1.778 1.7662 1.7605 1.7494
nan 3.0049 2.9054 2.8031 2.7082 2.6102 2.5206 2.4364 2.3745 2.3125 2.2512 2.2035 2.1573 2.1239 2.0811 2.0505 2.0307 2.0023 1.9752 1.9578 1.9411 1.9249 1.9094 1.8943 1.8799 1.866 1.8593 1.8462 1.8336 1.8275 1.8156
nan 3.1049 3.0054 2.9031 2.8079 2.7092 2.6183 2.5323 2.4687 2.4045 2.341 2.2912 2.243 2.2079 2.163 2.1308 2.1101 2.08 2.0514 2.0331 2.0154 1.9983 1.9818 1.9659 1.9506 1.9359 1.9287 1.9148 1.9015 1.895 1.8824
nan 3.2049 3.1054 3.003 2.9077 2.8084 2.7163 2.6285 2.5633 2.4972 2.4314 2.3797 2.3293 2.2927 2.2457 2.2119 2.1901 2.1585 2.1283 2.109 2.0904 2.0723 2.0549 2.0381 2.0219 2.0063 1.9987 1.984 1.9699 1.963 1.9497
nan 3.3049 3.2054 3.103 3.0075 2.9076 2.8145 2.7252 2.6584 2.5904 2.5224 2.4688 2.4164 2.3782 2.3291 2.2936 2.2708 2.2376 2.2059 2.1856 2.1659 2.1469 2.1286 2.1108 2.0937 2.0773 2.0693 2.0537 2.0388 2.0315 2.0174
nan 3.4049 3.3054 3.203 3.1074 3.007 2.913 2.8222 2.7539 2.6841 2.614 2.5585 2.5041 2.4644 2.4131 2.3761 2.3522 2.3174 2.2842 2.2628 2.2422 2.2222 2.2028 2.1842 2.1662 2.1488 2.1404 2.124 2.1082 2.1006 2.0857
nan 3.5049 3.4054 3.303 3.2073 3.1065 3.0116 2.9195 2.8498 2.7783 2.7061 2.6488 2.5925 2.5512 2.4978 2.4592 2.4342 2.3979 2.3631 2.3407 2.319 2.298 2.2777 2.2581 2.2392 2.2209 2.212 2.1948 2.1782 2.1701 2.1544
nan 3.6049 3.5054 3.403 3.3072 3.2061 3.1104 3.017 2.9461 2.8729 2.7988 2.7397 2.6814 2.6386 2.5832 2.543 2.5169 2.479 2.4426 2.4192 2.3965 2.3745 2.3532 2.3326 2.3127 2.2936 2.2842 2.2661 2.2486 2.2401 2.2236
nan 3.7049 3.6054 3.503 3.4071 3.3057 3.2094 3.1149 3.0427 2.968 2.8919 2.8311 2.771 2.7267 2.6691 2.6273 2.6002 2.5607 2.5227 2.4983 2.4745 2.4515 2.4292 2.4077 2.3868 2.3667 2.3569 2.3379 2.3196 2.3106 2.2933
nan 3.8049 3.7054 3.603 3.5071 3.4054 3.3085 3.2129 3.1396 3.0634 2.9856 2.923 2.8611 2.8153 2.7557 2.7123 2.6841 2.643 2.6034 2.5779 2.5532 2.5291 2.5058 2.4833 2.4615 2.4404 2.4302 2.4102 2.391 2.3816 2.3635
nan 3.9049 3.8054 3.703 3.607 3.5052 3.4077 3.3112 3.2368 3.1592 3.0796 3.0155 2.9517 2.9045 2.8428 2.7979 2.7686 2.7259 2.6848 2.6582 2.6324 2.6073 2.583 2.5594 2.5367 2.5146 2.5039 2.4831 2.4629 2.4531 2.4341
nan 4.0049 3.9054 3.803 3.707 3.6049 3.507 3.4096 3.3343 3.2554 3.1741 3.1084 3.0428 2.9942 2.9305 2.884 2.8537 2.8094 2.7667 2.739 2.7122 2.686 2.6607 2.6361 2.6124 2.5894 2.5782 2.5564 2.5353 2.5251 2.5052
nan 4.1049 4.0054 3.903 3.807 3.7048 3.6064 3.5082 3.432 3.3518 3.2689 3.2017 3.1344 3.0844 3.0188 2.9707 2.9394 2.8935 2.8491 2.8204 2.7925 2.7653 2.739 2.7134 2.6886 2.6646 2.653 2.6302 2.6082 2.5975 2.5768
nan 4.2049 4.1054 4.003 3.907 3.8046 3.7059 3.607 3.5299 3.4485 3.3641 3.2954 3.2265 3.1751 3.1075 3.058 3.0256 2.9781 2.9321 2.9024 2.8734 2.8452 2.8178 2.7911 2.7654 2.7404 2.7282 2.7045 2.6816 2.6705 2.6488
nan 4.3049 4.2054 4.103 4.0069 3.9045 3.8054 3.7059 3.628 3.5455 3.4597 3.3895 3.319 3.2662 3.1968 3.1457 3.1123 3.0633 3.0157 2.9849 2.9548 2.9255 2.8971 2.8694 2.8426 2.8167 2.804 2.7793 2.7554 2.7438 2.7212
nan 4.4049 4.3054 4.203 4.1069 4.0044 3.905 3.8049 3.7263 3.6428 3.5555 3.484 3.4119 3.3579 3.2865 3.234 3.1995 3.1489 3.0998 3.0679 3.0368 3.0064 2.9769 2.9482 2.9204 2.8934 2.8802 2.8546 2.8298 2.8177 2.7941
nan 4.5049 4.4054 4.303 4.2069 4.1043 4.0047 3.904 3.8248 3.7403 3.6517 3.5789 3.5052 3.4499 3.3768 3.3227 3.2873 3.2351 3.1844 3.1514 3.1192 3.0878 3.0572 3.0275 2.9986 2.9706 2.957 2.9303 2.9045 2.892 2.8675
nan 4.6049 4.5054 4.403 4.3069 4.2042 4.1044 4.0032 3.9234 3.838 3.7481 3.6741 3.5989 3.5424 3.4674 3.4119 3.3755 3.3218 3.2694 3.2354 3.2022 3.1697 3.1381 3.1073 3.0774 3.0484 3.0342 3.0065 2.9798 2.9667 2.9413
nan 4.7049 4.6054 4.503 4.4069 4.3041 4.2041 4.1025 4.0221 3.9358 3.8448 3.7695 3.693 3.6352 3.5585 3.5016 3.4642 3.4089 3.355 3.32 3.2856 3.2521 3.2194 3.1876 3.1566 3.1265 3.1119 3.0832 3.0554 3.0419 3.0155
nan 4.8049 4.7054 4.603 4.5069 4.4041 4.3039 4.2019 4.1209 4.0339 3.9418 3.8653 3.7874 3.7285 3.65 3.5917 3.5533 3.4965 3.4411 3.405 3.3696 3.335 3.3012 3.2683 3.2363 3.2052 3.19 3.1603 3.1315 3.1175 3.0902
nan 4.9049 4.8054 4.703 4.6069 4.504 4.4037 4.3013 4.2199 4.1321 4.0389 3.9614 3.8821 3.822 3.7419 3.6822 3.6428 3.5846 3.5276 3.4904 3.454 3.4183 3.3835 3.3495 3.3165 3.2843 3.2686 3.2379 3.2081 3.1936 3.1653
nan 5.0049 4.9054 4.803 4.7069 4.604 4.5035 4.4008 4.319 4.2305 4.1363 4.0577 3.9771 3.916 3.8342 3.7732 3.7328 3.6731 3.6146 3.5764 3.5388 3.5021 3.4662 3.4312 3.3971 3.3639 3.3476 3.3159 3.2851 3.2701 3.2408
nan 5.1049 5.0054 4.903 4.8069 4.704 4.6034 4.5004 4.4181 4.329 4.2338 4.1542 4.0725 4.0102 3.9268 3.8645 3.8232 3.762 3.702 3.6627 3.6242 3.5864 3.5494 3.5133 3.4781 3.4439 3.4271 3.3943 3.3625 3.347 3.3167
nan 5.2049 5.1054 5.003 4.9069 4.8039 4.7032 4.6 4.5174 4.4276 4.3316 4.251 4.1681 4.1048 4.0198 3.9562 3.914 3.8514 3.7898 3.7495 3.7099 3.6711 3.6331 3.5959 3.5597 3.5243 3.5071 3.4732 3.4404 3.4244 3.393
nan 5.3049 5.2054 5.103 5.0069 4.9039 4.8031 4.6997 4.6167 4.5264 4.4295 4.348 4.2639 4.1996 4.1132 4.0482 4.0052 3.9411 3.8781 3.8368 3.7961 3.7562 3.7171 3.6789 3.6416 3.6052 3.5874 3.5525 3.5187 3.5021 3.4698
nan 5.4049 5.3054 5.203 5.1069 5.0039 4.903 4.7994 4.7161 4.6253 4.5276 4.4452 4.36 4.2948 4.2068 4.1407 4.0967 4.0313 3.9667 3.9244 3.8827 3.8418 3.8016 3.7624 3.724 3.6865 3.6682 3.6323 3.5974 3.5803 3.5469
nan 5.5049 5.4054 5.303 5.2069 5.1039 5.0029 4.8991 4.8155 4.7242 4.6258 4.5426 4.4564 4.3902 4.3008 4.2334 4.1886 4.1218 4.0558 4.0125 3.9698 3.9278 3.8866 3.8462 3.8068 3.7683 3.7494 3.7124 3.6765 3.6589 3.6245
nan 5.6049 5.5054 5.403 5.3069 5.2039 5.1029 4.9989 4.915 4.8233 4.7241 4.6402 4.5529 4.4859 4.395 4.3265 4.2808 4.2126 4.1452 4.1009 4.0572 4.0142 3.9719 3.9305 3.89 3.8504 3.831 3.793 3.756 3.7378 3.7024
nan 5.7049 5.6054 5.503 5.4069 5.3039 5.2028 5.0986 5.0146 4.9224 4.8226 4.7379 4.6497 4.5818 4.4896 4.4199 4.3734 4.3039 4.235 4.1897 4.145 4.1009 4.0576 4.0152 3.9736 3.933 3.913 3.8739 3.8359 3.8172 3.7808
nan 5.8049 5.7054 5.603 5.5069 5.4038 5.3028 5.1985 5.1142 5.0216 4.9212 4.8358 4.7467 4.6779 4.5844 4.5136 4.4662 4.3954 4.3252 4.2789 4.2332 4.1881 4.1438 4.1002 4.0576 4.0159 3.9954 3.9553 3.9161 3.897 3.8595
nan 5.9049 5.8054 5.703 5.6069 5.5038 5.4027 5.2983 5.2138 5.1209 5.0199 4.9338 4.8438 4.7742 4.6795 4.6075 4.5594 4.4873 4.4157 4.3685 4.3218 4.2757 4.2303 4.1857 4.142 4.0993 4.0782 4.037 3.9968 3.9771 3.9386
