0.0 8.0 8.93 9.21 9.37 9.5 9.6 9.66 9.73 9.8 9.84 9.88 9.93 9.97 10.0
nan 0.4585 0.3436 0.3328 0.3291 0.3269 0.3256 0.325 0.3244 0.3238 0.3235 0.3233 0.323 0.3228 0.3227
nan 0.5562 0.404 0.3883 0.3829 0.3798 0.3779 0.377 0.376 0.3752 0.3748 0.3745 0.3741 0.3738 0.3736
nan 0.6552 0.4663 0.4448 0.4374 0.4331 0.4306 0.4293 0.428 0.4269 0.4264 0.4259 0.4253 0.4249 0.4246
nan 0.7549 0.5309 0.5027 0.4929 0.4871 0.4838 0.4821 0.4804 0.479 0.4782 0.4776 0.4768 0.4763 0.4759
nan 0.8547 0.597 0.5613 0.5489 0.5416 0.5373 0.5352 0.533 0.5312 0.5303 0.5294 0.5285 0.5278 0.5273
nan 0.9546 0.6646 0.6208 0.6055 0.5965 0.5912 0.5886 0.5859 0.5837 0.5825 0.5815 0.5803 0.5795 0.5789
nan 1.0546 0.7343 0.6816 0.663 0.6521 0.6457 0.6424 0.6392 0.6365 0.6351 0.6338 0.6324 0.6314 0.6307
nan 1.1546 0.8057 0.7432 0.7211 0.7082 0.7005 0.6967 0.6928 0.6895 0.6879 0.6864 0.6847 0.6834 0.6826
nan 1.2546 0.8784 0.8058 0.7799 0.7647 0.7557 0.7512 0.7466 0.7428 0.7408 0.7391 0.7371 0.7356 0.7346
nan 1.3546 0.9527 0.8692 0.8393 0.8217 0.8113 0.8061 0.8008 0.7963 0.7941 0.792 0.7897 0.788 0.7869
nan 1.4546 1.0288 0.9339 0.8996 0.8794 0.8674 0.8614 0.8553 0.8502 0.8476 0.8452 0.8426 0.8407 0.8393
nan 1.5546 1.1061 0.9993 0.9604 0.9375 0.9238 0.917 0.9101 0.9043 0.9013 0.8986 0.8956 0.8934 0.8919
nan 1.6546 1.1845 1.0655 1.0219 0.996 0.9806 0.9729 0.9652 0.9586 0.9552 0.9522 0.9488 0.9463 0.9446
nan 1.7546 1.2648 1.133 1.0842 1.0552 1.038 1.0293 1.0206 1.0132 1.0095 1.0061 1.0022 0.9995 0.9976
nan 1.8546 1.3462 1.2013 1.1471 1.1149 1.0957 1.0861 1.0764 1.0681 1.064 1.0602 1.0559 1.0528 1.0506
nan 1.9546 1.4286 1.2703 1.2106 1.175 1.1537 1.1431 1.1324 1.1232 1.1186 1.1144 1.1097 1.1062 1.1039
nan 2.0546 1.5124 1.3403 1.2748 1.2356 1.2122 1.2005 1.1887 1.1786 1.1735 1.1689 1.1637 1.1599 1.1573
nan 2.1546 1.5973 1.4113 1.3397 1.2968 1.2712 1.2583 1.2454 1.2343 1.2287 1.2236 1.2179 1.2138 1.2109
nan 2.2546 1.6831 1.483 1.4052 1.3585 1.3305 1.3165 1.3023 1.2902 1.2841 1.2786 1.2723 1.2678 1.2646
nan 2.3546 1.7698 1.5554 1.4713 1.4205 1.3901 1.3749 1.3595 1.3463 1.3397 1.3337 1.3268 1.3219 1.3185
nan 2.4546 1.8578 1.629 1.5382 1.4833 1.4504 1.4338 1.4171 1.4028 1.3956 1.3891 1.3817 1.3763 1.3726
nan 2.5546 1.9464 1.7032 1.6057 1.5465 1.5109 1.493 1.475 1.4595 1.4518 1.4447 1.4366 1.4309 1.4268
nan 2.6546 2.0358 1.7781 1.6736 1.61 1.5718 1.5525 1.5331 1.5165 1.5081 1.5004 1.4918 1.4855 1.4812
nan 2.7546 2.1261 1.854 1.7424 1.6742 1.6331 1.6124 1.5916 1.5737 1.5647 1.5565 1.5472 1.5405 1.5358
nan 2.8546 2.2172 1.9306 1.8118 1.7389 1.6949 1.6727 1.6503 1.6312 1.6215 1.6127 1.6027 1.5955 1.5906
nan 2.9546 2.3088 2.0079 1.8816 1.8039 1.757 1.7333 1.7094 1.6889 1.6786 1.6691 1.6585 1.6508 1.6455
nan 3.0546 2.401 2.0859 1.9521 1.8695 1.8195 1.7942 1.7687 1.7469 1.7359 1.7258 1.7144 1.7062 1.7005
nan 3.1546 2.4941 2.1647 2.0233 1.9356 1.8825 1.8556 1.8284 1.8052 1.7934 1.7827 1.7706 1.7618 1.7558
nan 3.2546 2.5875 2.2442 2.095 2.0022 1.9458 1.9173 1.8884 1.8637 1.8512 1.8398 1.8269 1.8176 1.8112
nan 3.3546 2.6814 2.3243 2.1672 2.0691 2.0094 1.9792 1.9486 1.9224 1.9092 1.8971 1.8834 1.8735 1.8667
nan 3.4546 2.776 2.4052 2.2402 2.1367 2.0735 2.0416 2.0092 1.9815 1.9674 1.9546 1.9401 1.9297 1.9224
nan 3.5546 2.8709 2.4868 2.3137 2.2047 2.138 2.1043 2.0701 2.0408 2.0259 2.0124 1.9971 1.986 1.9783
nan 3.6546 2.9662 2.5689 2.3877 2.273 2.2029 2.1673 2.1312 2.1003 2.0846 2.0703 2.0542 2.0425 2.0344
nan 3.7546 3.0619 2.6516 2.4622 2.3419 2.2681 2.2307 2.1927 2.16 2.1436 2.1285 2.1114 2.0991 2.0906
nan 3.8546 3.158 2.7351 2.5374 2.4113 2.3338 2.2944 2.2544 2.2201 2.2028 2.1869 2.169 2.156 2.147
nan 3.9546 3.2544 2.8191 2.6131 2.4811 2.3998 2.3585 2.3165 2.2804 2.2622 2.2455 2.2266 2.213 2.2036
nan 4.0546 3.3511 2.9035 2.6892 2.5512 2.4661 2.4228 2.3787 2.3409 2.3218 2.3043 2.2845 2.2702 2.2602
nan 4.1546 3.4481 2.9887 2.766 2.622 2.5329 2.4876 2.4414 2.4018 2.3817 2.3633 2.3426 2.3275 2.3171
nan 4.2546 3.5453 3.0744 2.8433 2.6932 2.6001 2.5527 2.5044 2.4628 2.4418 2.4226 2.4008 2.3851 2.3742
nan 4.3546 3.6428 3.1605 2.921 2.7647 2.6676 2.618 2.5675 2.5241 2.5021 2.482 2.4592 2.4428 2.4314
nan 4.4546 3.7405 3.2473 2.9993 2.8367 2.7355 2.6837 2.631 2.5857 2.5627 2.5417 2.5179 2.5007 2.4887
nan 4.5546 3.8384 3.3345 3.0781 2.9092 2.8038 2.7498 2.6949 2.6475 2.6235 2.6016 2.5767 2.5588 2.5463
nan 4.6546 3.9365 3.4222 3.1573 2.982 2.8724 2.8162 2.7589 2.7096 2.6846 2.6617 2.6357 2.617 2.604
nan 4.7546 4.0347 3.5103 3.237 3.0553 2.9413 2.8829 2.8233 2.7719 2.7458 2.7219 2.6949 2.6754 2.6618
nan 4.8546 4.1332 3.599 3.3173 3.129 3.0107 2.95 2.888 2.8345 2.8073 2.7825 2.7543 2.734 2.7199
nan 4.9546 4.2317 3.6881 3.398 3.2032 3.0804 3.0174 2.9529 2.8973 2.8691 2.8432 2.8139 2.7927 2.778
nan 5.0546 4.3304 3.7775 3.479 3.2776 3.1504 3.085 3.0181 2.9603 2.931 2.9041 2.8737 2.8516 2.8364
nan 5.1546 4.4292 3.8675 3.5607 3.3526 3.2209 3.1531 3.0836 3.0236 2.9932 2.9653 2.9337 2.9108 2.8949
nan 5.2546 4.5281 3.9578 3.6428 3.428 3.2917 3.2214 3.1494 3.0872 3.0556 3.0266 2.9938 2.9701 2.9536
nan 5.3546 4.6271 4.0485 3.7252 3.5037 3.3628 3.29 3.2155 3.151 3.1182 3.0882 3.0541 3.0295 3.0124
nan 5.4546 4.7262 4.1395 3.8081 3.5799 3.4343 3.359 3.2818 3.215 3.1811 3.1499 3.1147 3.0891 3.0714
nan 5.5546 4.8254 4.231 3.8915 3.6565 3.5061 3.4283 3.3485 3.2793 3.2442 3.212 3.1754 3.1489 3.1306
nan 5.6546 4.9247 4.3228 3.9752 3.7334 3.5783 3.4979 3.4154 3.3439 3.3075 3.2741 3.2363 3.2089 3.1899
nan 5.7546 5.024 4.4148 4.0593 3.8106 3.6507 3.5678 3.4825 3.4086 3.371 3.3365 3.2974 3.269 3.2493
nan 5.8546 5.1234 4.5073 4.1439 3.8884 3.7237 3.6381 3.55 3.4737 3.4348 3.3991 3.3587 3.3293 3.309
nan 5.9546 5.2228 4.6001 4.2288 3.9665 3.7969 3.7086 3.6178 3.539 3.4988 3.462 3.4201 3.3898 3.3688
