# ID Ty RA Dec z F160W M/M (U−V) (V-J)
0.2083 L 189.191681 62.283558 0.953 21.65 0.67 (0.13) 1.95 (0.20) 1.66 (0.18) 2
0.2144 E 189.167313 62.282146 0.943 20.80 0.88 (0.10) 1.46 (0.14) 0.82 (0.07) 2
0.2183 L 189.180557 62.281265 0.944 20.86 0.61 (0.13) 1.26 (0.17) 0.96 (0.14) 2
0.2240 E 189.155624 62.279949 0.943 20.34 1.95 (0.29) 1.63 (0.14) 1.12 (0.09) 2
0.2241 E 189.155060 62.279434 0.852 20.15 1.75 (0.21) 1.69 (0.06) 1.01 (0.08) 3
0.2350 E 189.198288 62.277798 1.361 22.08 1.37 (0.46) 2.15 (0.24) 2.49 (0.28) 2
0.2460 E 189.193085 62.274826 0.503 19.38 0.57 (0.14) 1.53 (0.21) 1.21 (0.22) 0
0.2502 E 189.145264 62.274536 0.849 20.81 0.73 (0.10) 1.74 (0.14) 1.38 (0.13) 3
0.2589 E 189.163361 62.273373 0.849 20.73 1.02 (0.15) 1.61 (0.17) 1.15 (0.12) 3
0.2590 E 189.163696 62.272980 0.850 20.89 1.04 (0.12) 2.09 (0.09) 1.58 (0.08) 3
1.0411 E 189.397415 62.329533 1.147 21.81 0.91 (0.19) 1.78 (0.20) 1.43 (0.19) 0
1.0418 E 189.360031 62.329098 1.010 20.53 1.97 (0.38) 1.86 (0.19) 1.56 (0.17) 0
1.0463 E 189.388565 62.326694 1.060 21.20 0.83 (0.32) 1.48 (0.35) 1.44 (0.36) 0
1.0554 E 189.397171 62.321640 0.836 20.09 1.60 (0.25) 1.53 (0.16) 1.08 (0.10) 1
1.0575 L 189.357513 62.320595 1.522 21.28 1.98 (0.60) 1.43 (0.24) 1.14 (0.20) 0
1.0620 E 189.350510 62.318043 2.094 22.45 0.38 (0.15) 0.61 (0.13) 0.55 (0.11) 0
1.0678 L 189.367935 62.315254 1.459 22.00 0.63 (0.24) 1.28 (0.22) 1.24 (0.21) 0
1.0687 E 189.418457 62.314888 0.955 21.45 0.38 (0.09) 1.37 (0.18) 1.06 (0.18) 1
1.0704 E 189.356262 62.313892 0.841 19.86 1.62 (0.20) 1.49 (0.12) 0.91 (0.09) 1
1.0743 E 189.381577 62.311573 1.671 22.28 0.58 (0.21) 1.09 (0.25) 0.89 (0.23) 0
1.0959 L 189.398026 62.301456 0.840 19.54 1.70 (0.46) 1.48 (0.22) 1.34 (0.24) 1
1.1219 E 189.400070 62.290546 0.709 20.25 0.58 (0.18) 1.83 (0.25) 1.93 (0.28) 0
1.1240 L 189.393906 62.289795 0.641 19.18 0.86 (0.21) 1.90 (0.27) 2.27 (0.32) 0
1.1314 E 189.360809 62.287090 0.564 19.96 0.47 (0.13) 1.83 (0.26) 1.76 (0.29) 1
2.0724 E 53.172264 -27.760622 1.540 21.82 0.48 (0.16) 0.74 (0.16) 0.47 (0.11) 0
2.0930 L 53.181194 -27.765678 1.219 21.31 0.43 (0.14) 0.82 (0.13) 0.81 (0.13) 0
2.0967 L 53.166328 -27.768587 1.210 21.87 0.35 (0.06) 0.98 (0.13) 0.58 (0.08) 0
2.0980 L 53.165573 -27.769794 1.546 21.78 0.95 (0.33) 1.37 (0.23) 1.29 (0.23) 0
2.1013 L 53.169926 -27.771027 0.664 19.54 1.22 (0.13) 1.59 (0.11) 1.00 (0.09) 2
2.1220 L 53.176052 -27.773706 1.285 21.81 0.38 (0.09) 0.82 (0.17) 0.52 (0.10) 0
2.1275 E 53.152771 -27.775288 0.998 21.56 0.47 (0.07) 1.36 (0.14) 0.86 (0.09) 0
2.1494 E 53.145237 -27.777905 1.098 21.72 0.32 (0.10) 1.14 (0.20) 1.13 (0.20) 0
2.1594 L 53.155647 -27.779299 1.846 22.01 0.55 (0.20) 0.67 (0.13) 0.63 (0.11) 3
2.1630 E 53.161633 -27.780252 0.619 20.34 0.70 (0.08) 2.11 (0.10) 1.63 (0.10) 0
2.1922 E 53.160347 -27.784008 0.954 20.17 2.42 (0.20) 1.99 (0.09) 1.46 (0.09) 2
2.2061 E 53.176579 -27.785448 1.311 21.46 1.52 (0.45) 1.79 (0.26) 1.68 (0.25) 0
2.2084 E 53.165165 -27.785872 1.280 21.21 2.28 (0.27) 1.83 (0.07) 1.22 (0.07) 0
2.2166 L 53.166176 -27.787518 1.097 20.82 0.83 (0.11) 0.99 (0.14) 0.62 (0.08) 0
2.2211 E 53.172523 -27.788107 0.640 19.61 1.36 (0.15) 1.96 (0.12) 1.51 (0.13) 2
2.2213 L 53.161667 -27.787436 1.843 22.48 0.36 (0.19) 0.58 (0.18) 0.54 (0.11) 3
2.2291 E 53.149296 -27.788527 1.906 22.49 0.47 (0.21) 0.75 (0.19) 0.66 (0.12) 2
2.2406 L 53.153847 -27.790684 1.318 21.72 0.43 (0.14) 0.91 (0.16) 0.83 (0.14) 0
2.2408 E 53.155449 -27.791491 0.710 18.80 3.49 (0.43) 1.96 (0.14) 1.51 (0.16) 0
2.2501 E 53.169449 -27.791927 0.667 20.20 0.96 (0.12) 1.89 (0.07) 1.27 (0.07) 2
2.2794 L 53.176189 -27.796133 1.041 20.70 0.91 (0.12) 1.20 (0.13) 0.72 (0.07) 0
2.2841 E 53.158806 -27.797157 1.904 22.22 0.91 (0.27) 1.20 (0.20) 0.91 (0.17) 2
2.2922 L 53.166897 -27.798733 1.995 21.65 1.03 (0.36) 0.90 (0.14) 0.96 (0.15) 0
2.2923 E 53.180233 -27.798927 0.666 19.91 0.78 (0.16) 1.47 (0.18) 1.25 (0.17) 2
2.2956 E 53.163414 -27.799547 0.650 19.67 1.43 (0.19) 1.88 (0.07) 1.24 (0.08) 2
2.4198 L 53.178375 -27.768240 0.665 19.69 1.02 (0.12) 1.50 (0.14) 0.92 (0.10) 2
2.4272 E 53.154968 -27.768909 1.096 19.49 6.13 (0.95) 1.71 (0.11) 1.16 (0.15) 0