metallicities age
0.023 1.7999999999999998
0.016 1.8999999999999997
0.015000000000000001 1.8999999999999997
0.015000000000000001 1.8999999999999997
0.017 1.7999999999999998
0.015000000000000001 1.8999999999999997
0.011000000000000001 2.3
0.011000000000000001 2.3
0.016 1.8999999999999997
0.016 1.8999999999999997
0.006 2.7999999999999994
0.017 1.7999999999999998
0.014 2.0999999999999996
0.018000000000000002 1.7999999999999998
0.014 1.9999999999999996
0.016 1.8999999999999997
0.013 2.0999999999999996
0.017 1.7999999999999998
0.03 1.2999999999999998
0.018000000000000002 1.6999999999999997
0.013 2.0999999999999996
0.019000000000000003 1.6999999999999997
0.015000000000000001 1.8999999999999997
0.017 1.7999999999999998
0.006 2.8999999999999995
0.018000000000000002 1.4999999999999998
0.020000000000000004 1.5999999999999996
0.03 1.2999999999999998
0.020000000000000004 1.6999999999999997
0.020000000000000004 1.4999999999999998
0.018000000000000002 1.5999999999999996
0.019000000000000003 1.6999999999999997
0.020000000000000004 1.4999999999999998
0.015000000000000001 1.8999999999999997
0.017 1.7999999999999998
0.016 1.8999999999999997
0.020000000000000004 1.4999999999999998
0.018000000000000002 1.5999999999999996
0.017 1.7999999999999998
0.012 2.1999999999999997
0.012 2.1999999999999997
0.019000000000000003 1.5999999999999996
0.015000000000000001 1.8999999999999997
0.020999999999999998 1.4999999999999998
0.020000000000000004 1.4999999999999998
0.015000000000000001 1.8999999999999997
0.016 1.8999999999999997
0.019000000000000003 1.6999999999999997
0.019000000000000003 1.5999999999999996
0.017 1.7999999999999998
0.018000000000000002 1.7999999999999998
0.018000000000000002 1.7999999999999998
0.016 1.8999999999999997
0.016 1.7999999999999998
0.019000000000000003 1.5999999999999996
0.016 1.8999999999999997
0.015000000000000001 1.8999999999999997
0.027000000000000003 1.6999999999999997
0.020000000000000004 1.5999999999999996
0.012 2.1999999999999997
0.027000000000000003 1.6999999999999997
0.019000000000000003 1.5999999999999996
0.020000000000000004 1.5999999999999996
0.015000000000000001 1.8999999999999997
0.014 1.9999999999999996
0.008 2.3999999999999995
0.016 1.8999999999999997
0.019000000000000003 1.5999999999999996
0.017 1.8999999999999997
0.016 1.8999999999999997
0.012 2.1999999999999997
0.014 1.9999999999999996
0.015000000000000001 1.8999999999999997
0.015000000000000001 1.8999999999999997
0.011000000000000001 2.3999999999999995
0.017 1.7999999999999998
0.015000000000000001 1.8999999999999997
0.018000000000000002 1.7999999999999998
0.015000000000000001 1.9999999999999996
0.020000000000000004 1.5999999999999996
0.026000000000000002 1.6999999999999997
0.016 1.8999999999999997
0.018000000000000002 1.7999999999999998
0.016 1.7999999999999998
0.016 1.7999999999999998
0.017 1.7999999999999998
0.019000000000000003 1.6999999999999997
0.018000000000000002 1.6999999999999997
0.03 1.5999999999999996
0.014 1.9999999999999996
0.020000000000000004 1.4999999999999998
0.016 1.8999999999999997
0.014 1.9999999999999996
0.017 1.7999999999999998
0.016 1.8999999999999997
0.016 1.8999999999999997
0.023 1.4999999999999998
0.019000000000000003 1.4999999999999998
0.016 1.8999999999999997
0.018000000000000002 1.5999999999999996
0.024 1.4999999999999998
0.020000000000000004 1.6999999999999997
0.013 2.0999999999999996
0.016 1.8999999999999997
0.018000000000000002 1.6999999999999997
0.016 1.8999999999999997
0.016 1.7999999999999998
0.025 1.4999999999999998
0.017 1.7999999999999998
0.012 2.3
0.018000000000000002 1.7999999999999998
0.018000000000000002 1.6999999999999997
0.013 2.0999999999999996
0.015000000000000001 1.8999999999999997
0.015000000000000001 1.8999999999999997
0.016 1.7999999999999998
0.013 2.1999999999999997
0.014 1.9999999999999996
0.018000000000000002 1.7999999999999998
0.013 2.0999999999999996
0.022 1.5999999999999996
0.016 1.8999999999999997
0.020000000000000004 1.4999999999999998
0.017 1.7999999999999998
0.027000000000000003 1.6999999999999997
0.017 1.7999999999999998
0.015000000000000001 1.8999999999999997
0.019000000000000003 1.6999999999999997
0.018000000000000002 1.7999999999999998
0.016 1.8999999999999997
0.027000000000000003 1.2999999999999998
0.016 1.8999999999999997
0.016 1.8999999999999997
0.016 1.8999999999999997
0.020000000000000004 1.4999999999999998
0.016 1.7999999999999998
0.020000000000000004 1.4999999999999998
0.019000000000000003 1.6999999999999997
0.017 1.7999999999999998
0.013 2.0999999999999996
0.020000000000000004 1.4999999999999998
0.016 1.8999999999999997
0.017 1.7999999999999998
0.020000000000000004 1.5999999999999996
0.016 1.8999999999999997
0.017 1.7999999999999998
0.017 1.7999999999999998
0.019000000000000003 1.6999999999999997
0.018000000000000002 1.7999999999999998
0.016 1.8999999999999997
0.020999999999999998 1.5999999999999996
0.019000000000000003 1.5999999999999996
0.020000000000000004 1.4999999999999998
0.015000000000000001 1.8999999999999997
0.017 1.7999999999999998
0.026000000000000002 1.6999999999999997
0.019000000000000003 1.5999999999999996
0.015000000000000001 1.8999999999999997
0.012 2.1999999999999997
0.019000000000000003 1.5999999999999996
0.020000000000000004 1.4999999999999998
0.020000000000000004 1.4999999999999998
0.016 1.8999999999999997
0.017 1.7999999999999998
0.016 1.8999999999999997
0.020000000000000004 1.4999999999999998
0.012 2.1999999999999997
0.015000000000000001 1.8999999999999997
0.020000000000000004 1.4999999999999998
0.020000000000000004 1.4999999999999998
0.020000000000000004 1.6999999999999997
0.016 1.8999999999999997
0.013 2.1999999999999997
0.020000000000000004 1.5999999999999996
0.009000000000000001 2.4999999999999996
0.015000000000000001 1.8999999999999997
0.020000000000000004 1.4999999999999998
0.020000000000000004 1.4999999999999998
0.016 1.8999999999999997
0.016 1.7999999999999998
0.017 1.7999999999999998
0.016 1.7999999999999998
0.017 1.6999999999999997
0.015000000000000001 1.8999999999999997
0.016 1.8999999999999997
0.017 1.7999999999999998
0.019000000000000003 1.7999999999999998
0.017 1.7999999999999998
0.020000000000000004 1.5999999999999996
0.019000000000000003 1.6999999999999997
0.011000000000000001 2.3
0.022 1.4
0.011000000000000001 2.3
0.011000000000000001 2.3
0.017 1.7999999999999998
0.020000000000000004 1.4999999999999998
0.016 1.7999999999999998
0.017 1.7999999999999998
0.016 1.8999999999999997
0.020000000000000004 1.4999999999999998
0.017 1.7999999999999998
0.015000000000000001 1.8999999999999997
0.016 1.8999999999999997
0.017 1.7999999999999998
0.019000000000000003 1.6999999999999997
0.019000000000000003 1.6999999999999997
0.017 1.7999999999999998
0.019000000000000003 1.5999999999999996
0.018000000000000002 1.6999999999999997
0.016 1.8999999999999997
0.016 1.8999999999999997
0.017 1.7999999999999998
0.015000000000000001 1.8999999999999997
0.017 1.7999999999999998
0.016 1.7999999999999998
0.011000000000000001 2.3
0.019000000000000003 1.4999999999999998
0.017 1.7999999999999998
0.015000000000000001 1.8999999999999997
0.028999999999999998 1.2999999999999998
0.016 1.8999999999999997
0.016 1.7999999999999998
0.017 1.7999999999999998
0.015000000000000001 1.8999999999999997
0.01 2.4999999999999996
0.019000000000000003 1.4999999999999998
0.019000000000000003 1.4999999999999998
0.019000000000000003 1.6999999999999997
0.012 2.1999999999999997
0.016 1.7999999999999998
0.017 1.7999999999999998
0.03 1.2999999999999998
0.016 1.8999999999999997
0.018000000000000002 1.7999999999999998
0.012 2.1999999999999997
0.011000000000000001 2.3
0.015000000000000001 1.8999999999999997
0.016 1.7999999999999998
0.015000000000000001 1.8999999999999997
0.018000000000000002 1.7999999999999998
0.015000000000000001 1.8999999999999997
0.020000000000000004 1.4999999999999998
0.020000000000000004 1.5999999999999996
0.019000000000000003 1.5999999999999996
0.016 1.8999999999999997
0.018000000000000002 1.7999999999999998
0.019000000000000003 1.5999999999999996
0.017 1.7999999999999998
0.017 1.7999999999999998
0.020999999999999998 1.4999999999999998
0.019000000000000003 1.5999999999999996
0.017 1.7999999999999998
0.020000000000000004 1.4999999999999998
0.027000000000000003 1.6999999999999997
0.017 1.7999999999999998
0.019000000000000003 1.6999999999999997
0.013 2.0999999999999996
0.014 2.0999999999999996
0.019000000000000003 1.6999999999999997
0.019000000000000003 1.6999999999999997
0.015000000000000001 1.8999999999999997
0.014 2.0999999999999996
0.020000000000000004 1.4999999999999998
0.018000000000000002 1.7999999999999998
0.014 1.9999999999999996
0.016 1.7999999999999998
0.017 1.7999999999999998
0.018000000000000002 1.5999999999999996
0.017 1.7999999999999998
0.03 1.2999999999999998
0.012 2.1999999999999997
0.026000000000000002 1.6999999999999997
0.016 1.9999999999999996
0.017 1.7999999999999998
0.014 2.0999999999999996
0.016 1.8999999999999997
0.016 1.8999999999999997
0.017 1.7999999999999998
0.020000000000000004 1.5999999999999996
0.019000000000000003 1.5999999999999996
0.019000000000000003 1.5999999999999996
0.012 2.1999999999999997
0.01 2.4999999999999996
0.020000000000000004 1.4999999999999998
0.017 1.7999999999999998
0.017 1.7999999999999998
0.020999999999999998 1.5999999999999996
0.020000000000000004 1.6999999999999997
0.016 1.8999999999999997
0.012 2.3
0.007 2.4999999999999996
0.019000000000000003 1.6999999999999997
0.016 1.8999999999999997
0.015000000000000001 1.8999999999999997
0.017 1.7999999999999998
0.015000000000000001 1.9999999999999996
0.017 1.7999999999999998
0.020000000000000004 1.4999999999999998
0.015000000000000001 1.8999999999999997
0.016 1.8999999999999997
0.018000000000000002 1.6999999999999997
0.014 2.0999999999999996
0.015000000000000001 1.8999999999999997
0.016 1.7999999999999998
0.017 1.7999999999999998
0.016 1.8999999999999997
0.017 1.7999999999999998
0.015000000000000001 1.8999999999999997
0.017 1.7999999999999998
0.020000000000000004 1.4999999999999998
0.012 2.1999999999999997
0.018000000000000002 1.7999999999999998
0.018000000000000002 1.7999999999999998
0.014 2.0999999999999996
0.018000000000000002 1.7999999999999998
0.015000000000000001 1.8999999999999997
0.018000000000000002 1.7999999999999998
0.015000000000000001 1.8999999999999997
0.016 1.8999999999999997
0.016 1.8999999999999997
0.017 1.7999999999999998
0.015000000000000001 1.8999999999999997
0.020000000000000004 1.4999999999999998
0.020999999999999998 1.5999999999999996
0.012 2.1999999999999997
0.015000000000000001 1.8999999999999997
0.03 1.2999999999999998
0.017 1.7999999999999998
0.027000000000000003 1.6999999999999997
0.017 1.7999999999999998
0.015000000000000001 1.8999999999999997
0.013 2.1999999999999997
0.015000000000000001 1.8999999999999997
0.017 1.7999999999999998
0.012 2.1999999999999997
0.017 1.7999999999999998
0.020000000000000004 1.5999999999999996
0.017 1.7999999999999998
0.006 2.7999999999999994
0.006 2.7999999999999994
0.012 2.1999999999999997
0.020000000000000004 1.4999999999999998
0.017 1.8999999999999997
0.020000000000000004 1.5999999999999996
0.020000000000000004 1.4999999999999998
0.015000000000000001 1.8999999999999997
0.013 2.0999999999999996
0.016 1.8999999999999997
0.015000000000000001 1.8999999999999997
0.015000000000000001 1.8999999999999997
0.019000000000000003 1.5999999999999996
0.020000000000000004 1.4999999999999998
0.018000000000000002 1.6999999999999997
0.01 2.4999999999999996
0.017 1.7999999999999998
0.009000000000000001 2.4999999999999996
0.016 1.8999999999999997
0.020000000000000004 1.4999999999999998
0.019000000000000003 1.6999999999999997
0.018000000000000002 1.7999999999999998
0.015000000000000001 1.8999999999999997
0.017 1.7999999999999998
0.017 4.199999999999999
0.013 2.0999999999999996
0.017 1.7999999999999998
0.020000000000000004 1.4999999999999998
0.01 2.4999999999999996
0.015000000000000001 1.9999999999999996
0.020000000000000004 1.4999999999999998
0.018000000000000002 1.7999999999999998
0.009000000000000001 2.4999999999999996
0.013 2.0999999999999996
0.018000000000000002 1.7999999999999998
0.016 1.7999999999999998
0.017 1.7999999999999998
0.012 2.1999999999999997
0.020000000000000004 1.4999999999999998
0.013 2.0999999999999996
0.018000000000000002 1.5999999999999996
0.016 1.8999999999999997
0.017 1.7999999999999998
0.016 1.8999999999999997
0.015000000000000001 1.8999999999999997
0.019000000000000003 1.4999999999999998
0.016 1.8999999999999997
0.017 1.7999999999999998
0.015000000000000001 1.8999999999999997
0.016 1.8999999999999997
0.015000000000000001 1.8999999999999997
0.015000000000000001 1.8999999999999997
0.019000000000000003 1.5999999999999996
0.012 2.1999999999999997
0.018000000000000002 1.7999999999999998
0.016 1.8999999999999997
0.015000000000000001 1.8999999999999997
0.014 1.9999999999999996
0.020000000000000004 1.4999999999999998
0.019000000000000003 4.299999999999999
0.019000000000000003 1.6999999999999997
0.012 2.1999999999999997
0.016 1.8999999999999997
0.012 2.1999999999999997
0.016 1.8999999999999997
0.015000000000000001 1.9999999999999996
0.012 2.1999999999999997
0.015000000000000001 1.8999999999999997
0.017 1.7999999999999998
0.019000000000000003 1.6999999999999997
0.016 1.8999999999999997
0.018000000000000002 1.7999999999999998
0.016 1.8999999999999997
0.020000000000000004 1.4999999999999998
0.020000000000000004 1.4999999999999998
0.017 1.7999999999999998
0.015000000000000001 1.8999999999999997
0.018000000000000002 1.7999999999999998
0.015000000000000001 1.8999999999999997
0.01 2.4999999999999996
0.016 1.7999999999999998
0.019000000000000003 1.6999999999999997
0.018000000000000002 1.7999999999999998
0.020000000000000004 1.5999999999999996
0.006 3.0999999999999996
0.020000000000000004 1.4999999999999998
0.020000000000000004 1.4999999999999998
0.020000000000000004 1.4999999999999998
0.017 1.7999999999999998
0.006 2.7999999999999994
0.012 2.1999999999999997
0.019000000000000003 1.6999999999999997
0.013 2.0999999999999996
0.016 1.8999999999999997
0.017 1.7999999999999998
0.015000000000000001 1.8999999999999997
0.020000000000000004 1.4999999999999998
0.020000000000000004 1.5999999999999996
0.012 2.3
0.020000000000000004 1.4999999999999998
0.016 1.8999999999999997
0.03 1.5999999999999996
0.026000000000000002 1.6999999999999997
0.018000000000000002 1.7999999999999998
0.011000000000000001 2.3
0.020000000000000004 1.4999999999999998
0.015000000000000001 1.8999999999999997
0.016 1.8999999999999997
0.016 1.7999999999999998
0.019000000000000003 1.6999999999999997
0.03 1.2999999999999998
0.015000000000000001 1.8999999999999997
0.016 1.8999999999999997
0.011000000000000001 2.3
0.017 1.7999999999999998
0.020000000000000004 1.5999999999999996
0.012 2.1999999999999997
0.017 1.7999999999999998
0.004 3.3999999999999995
0.011000000000000001 2.3
0.020000000000000004 1.5999999999999996
0.016 1.7999999999999998
0.019000000000000003 1.6999999999999997
0.019000000000000003 1.5999999999999996
0.017 1.7999999999999998
0.018000000000000002 1.7999999999999998
0.017 1.7999999999999998
0.020000000000000004 1.4999999999999998
0.019000000000000003 1.6999999999999997
0.015000000000000001 1.8999999999999997
0.017 1.7999999999999998
0.03 1.5999999999999996
0.025 1.6999999999999997
0.018000000000000002 1.7999999999999998
0.012 2.3
0.017 1.7999999999999998
0.015000000000000001 1.8999999999999997
0.020000000000000004 1.4999999999999998
0.017 1.7999999999999998
0.016 1.8999999999999997
0.020000000000000004 1.6999999999999997
0.019000000000000003 1.6999999999999997
0.020000000000000004 1.4999999999999998
0.015000000000000001 1.8999999999999997
0.019000000000000003 1.6999999999999997
0.017 1.7999999999999998
0.014 1.9999999999999996
0.015000000000000001 1.8999999999999997
0.017 4.299999999999999
0.018000000000000002 1.7999999999999998
0.012 2.1999999999999997
0.018000000000000002 1.6999999999999997
0.014 1.9999999999999996
0.020000000000000004 1.4999999999999998
0.018000000000000002 1.7999999999999998
0.013 2.0999999999999996
0.018000000000000002 1.6999999999999997
0.017 1.7999999999999998
0.011000000000000001 2.3
0.017 4.199999999999999
0.016 1.8999999999999997
0.019000000000000003 1.4999999999999998
0.015000000000000001 1.8999999999999997
0.019000000000000003 1.6999999999999997
0.013 2.0999999999999996
0.019000000000000003 1.6999999999999997
0.016 1.8999999999999997
0.017 1.7999999999999998
0.019000000000000003 1.6999999999999997
0.020000000000000004 1.6999999999999997
0.012 2.1999999999999997
0.019000000000000003 1.5999999999999996
0.017 1.7999999999999998
0.020000000000000004 1.4999999999999998
0.013 2.1999999999999997
0.019000000000000003 1.5999999999999996
0.017 1.7999999999999998
0.015000000000000001 1.8999999999999997
0.016 1.8999999999999997
0.013 2.0999999999999996
0.019000000000000003 1.6999999999999997
0.020000000000000004 1.4999999999999998
0.019000000000000003 1.6999999999999997
0.013 2.0999999999999996
0.019000000000000003 1.6999999999999997
0.012 2.1999999999999997
0.022 1.5999999999999996
0.018000000000000002 1.6999999999999997
0.018000000000000002 1.7999999999999998
0.016 1.8999999999999997
0.020000000000000004 1.4999999999999998
0.012 2.1999999999999997
0.013 2.0999999999999996
0.018000000000000002 1.6999999999999997
0.016 1.8999999999999997
0.011000000000000001 2.3
0.012 2.1999999999999997
0.018000000000000002 1.7999999999999998
0.017 1.7999999999999998
0.012 2.1999999999999997
0.015000000000000001 1.8999999999999997
0.015000000000000001 1.8999999999999997
0.017 1.7999999999999998
0.020000000000000004 1.5999999999999996
0.019000000000000003 1.6999999999999997
0.019000000000000003 1.5999999999999996
0.017 1.7999999999999998
0.018000000000000002 1.7999999999999998
0.017 1.7999999999999998
0.020000000000000004 1.5999999999999996
0.015000000000000001 1.8999999999999997
0.016 1.8999999999999997
0.019000000000000003 1.6999999999999997
0.019000000000000003 1.6999999999999997
0.020000000000000004 1.4999999999999998
0.018000000000000002 1.7999999999999998
0.015000000000000001 1.8999999999999997
0.020000000000000004 1.4999999999999998
0.016 1.7999999999999998
0.019000000000000003 1.6999999999999997
0.014 1.9999999999999996
0.012 2.1999999999999997
0.017 1.7999999999999998
0.014 1.9999999999999996
0.016 1.8999999999999997
0.017 1.7999999999999998
0.019000000000000003 1.6999999999999997
0.015000000000000001 1.8999999999999997
0.015000000000000001 1.8999999999999997
0.018000000000000002 1.7999999999999998
0.015000000000000001 1.7999999999999998
0.015000000000000001 1.8999999999999997
0.019000000000000003 1.5999999999999996
0.013 2.0999999999999996
0.015000000000000001 1.8999999999999997
0.019000000000000003 1.6999999999999997
0.015000000000000001 1.8999999999999997
0.013 2.0999999999999996
0.016 1.8999999999999997
0.016 1.8999999999999997
0.011000000000000001 2.3999999999999995
0.017 1.7999999999999998
0.020000000000000004 1.5999999999999996
0.015000000000000001 1.8999999999999997
0.017 1.7999999999999998
0.012 2.1999999999999997
0.017 1.7999999999999998
0.020000000000000004 1.4999999999999998
0.019000000000000003 1.5999999999999996
0.015000000000000001 1.8999999999999997
0.015000000000000001 1.8999999999999997
0.028000000000000004 3.599999999999999
0.015000000000000001 1.9999999999999996
0.017 1.8999999999999997
0.016 1.7999999999999998
0.020000000000000004 1.4999999999999998
0.028999999999999998 1.2999999999999998
0.019000000000000003 1.5999999999999996
0.016 1.8999999999999997
0.018000000000000002 1.6999999999999997
0.020000000000000004 1.4999999999999998
0.020999999999999998 1.5999999999999996
0.006 2.9999999999999996
0.020000000000000004 1.5999999999999996
0.016 1.8999999999999997
0.03 1.2999999999999998
0.012 2.1999999999999997
0.015000000000000001 1.8999999999999997
0.011000000000000001 2.3
0.015000000000000001 1.8999999999999997
0.013 2.0999999999999996
0.012 2.1999999999999997
0.015000000000000001 1.8999999999999997
0.020000000000000004 1.4999999999999998
0.019000000000000003 1.5999999999999996
0.017 1.7999999999999998
0.017 1.7999999999999998
0.015000000000000001 1.8999999999999997
0.009000000000000001 2.4999999999999996
0.016 1.8999999999999997
0.013 2.0999999999999996
0.014 1.9999999999999996
0.009000000000000001 2.4999999999999996
0.013 2.1999999999999997
0.017 1.7999999999999998
0.015000000000000001 1.8999999999999997
0.019000000000000003 1.4999999999999998
0.020000000000000004 1.4999999999999998
0.017 1.7999999999999998
0.017 1.7999999999999998
0.016 1.8999999999999997
0.020000000000000004 4.299999999999999
0.017 1.7999999999999998
0.020000000000000004 1.5999999999999996
0.019000000000000003 1.5999999999999996
0.018000000000000002 1.7999999999999998
0.020000000000000004 1.4999999999999998
0.018000000000000002 1.7999999999999998
0.017 1.7999999999999998
0.019000000000000003 1.6999999999999997
0.015000000000000001 1.8999999999999997
0.006 2.7999999999999994
0.015000000000000001 1.8999999999999997
0.020000000000000004 1.5999999999999996
0.016 1.8999999999999997
0.015000000000000001 1.8999999999999997
0.011000000000000001 2.3999999999999995
0.017 1.7999999999999998
0.020000000000000004 1.5999999999999996
0.016 1.7999999999999998
0.016 1.7999999999999998
0.020000000000000004 1.5999999999999996
0.012 2.1999999999999997
0.017 1.7999999999999998
0.017 1.7999999999999998
0.019000000000000003 1.6999999999999997
0.018000000000000002 1.7999999999999998
0.019000000000000003 1.5999999999999996
0.019000000000000003 1.5999999999999996
0.017 1.7999999999999998
0.011000000000000001 2.3
0.016 1.8999999999999997
0.020000000000000004 1.6999999999999997
0.013 2.0999999999999996
0.014 1.9999999999999996
0.009000000000000001 2.4999999999999996
0.020000000000000004 1.5999999999999996
0.017 1.8999999999999997
0.012 2.3
0.019000000000000003 1.5999999999999996
0.017 1.7999999999999998
0.03 3.599999999999999
0.018000000000000002 1.7999999999999998
0.013 2.0999999999999996
0.016 1.8999999999999997
0.015000000000000001 1.8999999999999997
0.028999999999999998 1.2999999999999998
0.015000000000000001 1.9999999999999996
0.017 1.6999999999999997
0.016 1.8999999999999997
0.020000000000000004 1.5999999999999996
0.016 1.7999999999999998
0.017 1.7999999999999998
0.016 1.8999999999999997
0.017 1.7999999999999998
0.016 1.8999999999999997
0.020000000000000004 1.5999999999999996
0.019000000000000003 1.6999999999999997
0.015000000000000001 1.8999999999999997
0.015000000000000001 1.8999999999999997
0.014 2.0999999999999996
0.017 1.7999999999999998
0.015000000000000001 1.8999999999999997
0.016 1.8999999999999997
0.017 1.5999999999999996
0.017 1.7999999999999998
0.014 2.0999999999999996
0.020000000000000004 1.5999999999999996
0.018000000000000002 1.6999999999999997
0.015000000000000001 1.8999999999999997
0.015000000000000001 1.8999999999999997
0.01 2.3999999999999995
0.025 1.6999999999999997
0.009000000000000001 2.5999999999999996
0.012 2.1999999999999997
0.011000000000000001 2.3999999999999995
0.03 1.5999999999999996
0.019000000000000003 1.6999999999999997
0.019000000000000003 1.5999999999999996
0.020000000000000004 1.4999999999999998
0.012 2.1999999999999997
0.019000000000000003 1.5999999999999996
0.022 4.199999999999999
0.019000000000000003 1.5999999999999996
0.011000000000000001 2.3
0.012 2.1999999999999997
0.016 1.8999999999999997
0.018000000000000002 1.6999999999999997
0.027000000000000003 1.6999999999999997
0.020000000000000004 1.4999999999999998
0.017 1.7999999999999998
0.019000000000000003 1.5999999999999996
0.020000000000000004 1.5999999999999996
0.015000000000000001 1.9999999999999996
0.015000000000000001 1.8999999999999997
0.019000000000000003 1.6999999999999997
0.01 2.4999999999999996
0.012 2.1999999999999997
0.016 1.8999999999999997
0.016 1.8999999999999997
0.015000000000000001 1.9999999999999996
0.017 1.7999999999999998
0.018000000000000002 1.7999999999999998
0.020000000000000004 1.4999999999999998
0.018000000000000002 1.5999999999999996
0.020999999999999998 1.4999999999999998
0.016 4.399999999999999
0.015000000000000001 1.9999999999999996
0.026000000000000002 1.6999999999999997
0.005 3.2999999999999994
0.011000000000000001 2.3999999999999995
0.016 1.7999999999999998
0.019000000000000003 1.6999999999999997
0.014 1.9999999999999996
0.018000000000000002 1.7999999999999998
0.016 1.7999999999999998
0.018000000000000002 1.5999999999999996
0.016 1.7999999999999998
0.019000000000000003 1.5999999999999996
0.012 2.1999999999999997
0.019000000000000003 1.6999999999999997
0.011000000000000001 2.3999999999999995
0.020000000000000004 1.4999999999999998
0.020000000000000004 4.299999999999999
0.019000000000000003 1.6999999999999997
0.03 1.2999999999999998
0.014 1.9999999999999996
0.026000000000000002 1.6999999999999997
0.019000000000000003 1.5999999999999996
0.012 2.1999999999999997
0.019000000000000003 1.5999999999999996
0.007 2.4999999999999996
0.019000000000000003 1.6999999999999997
0.03 1.2999999999999998
0.016 1.8999999999999997
0.016 1.8999999999999997
0.017 1.8999999999999997
0.019000000000000003 1.6999999999999997
0.016 1.8999999999999997
0.019000000000000003 1.6999999999999997
0.016 1.8999999999999997
0.020000000000000004 1.4999999999999998
0.012 2.1999999999999997
0.017 1.7999999999999998
0.022 1.7999999999999998
0.020000000000000004 1.4999999999999998
0.014 1.9999999999999996
0.016 1.8999999999999997
0.020999999999999998 1.4999999999999998
0.017 1.7999999999999998
0.014 4.499999999999999
0.016 1.8999999999999997
0.011000000000000001 2.3
0.017 1.7999999999999998
0.015000000000000001 1.8999999999999997
0.015000000000000001 1.9999999999999996
0.01 2.3999999999999995
0.019000000000000003 1.5999999999999996
0.017 1.7999999999999998
0.013 2.0999999999999996
0.006 2.6999999999999993
0.019000000000000003 1.6999999999999997
0.017 1.7999999999999998
0.013 2.0999999999999996
0.017 1.7999999999999998
0.019000000000000003 1.6999999999999997
0.019000000000000003 1.6999999999999997
0.018000000000000002 1.7999999999999998
0.015000000000000001 1.8999999999999997
0.019000000000000003 1.5999999999999996
0.019000000000000003 1.6999999999999997
0.014 1.9999999999999996
0.019000000000000003 1.5999999999999996
0.018000000000000002 1.6999999999999997
0.016 1.8999999999999997
0.015000000000000001 1.8999999999999997
0.018000000000000002 1.7999999999999998
0.012 2.3
0.016 1.8999999999999997
0.018000000000000002 1.5999999999999996
0.015000000000000001 1.8999999999999997
0.015000000000000001 1.9999999999999996
0.019000000000000003 1.5999999999999996
0.016 1.8999999999999997
0.020000000000000004 1.4999999999999998
0.015000000000000001 1.8999999999999997
0.015000000000000001 1.8999999999999997
0.03 1.2999999999999998
0.019000000000000003 1.5999999999999996
0.014 1.9999999999999996
0.016 1.8999999999999997
0.020000000000000004 1.4999999999999998
0.016 1.8999999999999997
0.015000000000000001 1.8999999999999997
0.017 1.7999999999999998
0.019000000000000003 1.6999999999999997
0.020000000000000004 1.4999999999999998
0.024 1.4999999999999998
0.016 1.8999999999999997
0.019000000000000003 1.6999999999999997
0.017 1.7999999999999998
0.013 2.1999999999999997
0.018000000000000002 1.7999999999999998
0.017 1.7999999999999998
0.020000000000000004 1.5999999999999996
0.017 1.7999999999999998
0.015000000000000001 1.8999999999999997
0.019000000000000003 1.4999999999999998
0.015000000000000001 1.8999999999999997
0.01 2.4999999999999996
0.019000000000000003 1.4999999999999998
0.020000000000000004 1.5999999999999996
0.020000000000000004 1.6999999999999997
0.019000000000000003 1.6999999999999997
0.015000000000000001 1.8999999999999997
0.017 1.8999999999999997
0.019000000000000003 1.6999999999999997
0.016 1.8999999999999997
0.015000000000000001 1.8999999999999997
0.018000000000000002 1.7999999999999998
0.020000000000000004 1.5999999999999996
0.015000000000000001 1.9999999999999996
0.017 1.7999999999999998
0.015000000000000001 1.8999999999999997
0.019000000000000003 1.4999999999999998
0.016 1.8999999999999997
0.018000000000000002 1.7999999999999998
0.019000000000000003 1.5999999999999996
0.015000000000000001 1.8999999999999997
0.014 1.9999999999999996
0.020000000000000004 1.4999999999999998
0.019000000000000003 1.6999999999999997
0.015000000000000001 1.8999999999999997
0.03 1.2999999999999998
0.016 1.9999999999999996
0.018000000000000002 1.7999999999999998
0.017 1.7999999999999998
0.019000000000000003 1.7999999999999998
0.016 1.8999999999999997
0.026000000000000002 1.6999999999999997
0.016 1.7999999999999998
0.017 1.7999999999999998
0.015000000000000001 1.8999999999999997
0.020000000000000004 1.4999999999999998
0.019000000000000003 1.6999999999999997
0.019000000000000003 1.5999999999999996
0.018000000000000002 1.7999999999999998
0.016 1.7999999999999998
0.015000000000000001 1.8999999999999997
0.020000000000000004 1.6999999999999997
0.015000000000000001 1.8999999999999997
0.011000000000000001 2.3
0.020000000000000004 1.5999999999999996
0.020000000000000004 1.4999999999999998
0.015000000000000001 1.8999999999999997
0.017 1.7999999999999998
0.015000000000000001 1.8999999999999997
0.019000000000000003 1.5999999999999996
0.018000000000000002 1.7999999999999998
0.016 1.8999999999999997
0.012 2.1999999999999997
0.016 1.8999999999999997
0.024 1.4999999999999998
0.016 1.8999999999999997
0.017 1.7999999999999998
0.011000000000000001 2.3
0.03 1.2999999999999998
0.016 1.8999999999999997
0.018000000000000002 1.7999999999999998
0.012 2.1999999999999997
0.013 2.1999999999999997
0.016 1.7999999999999998
0.018000000000000002 1.7999999999999998
0.017 1.7999999999999998
0.018000000000000002 1.7999999999999998
0.015000000000000001 1.8999999999999997
0.014 2.0999999999999996
0.017 1.7999999999999998
0.020999999999999998 1.5999999999999996
0.019000000000000003 1.5999999999999996
0.023 1.7999999999999998
0.015000000000000001 1.8999999999999997
0.020000000000000004 1.5999999999999996
0.019000000000000003 1.5999999999999996
0.019000000000000003 1.6999999999999997
0.017 1.7999999999999998
0.009000000000000001 2.5999999999999996
0.011000000000000001 2.3
0.015000000000000001 1.8999999999999997
0.03 1.5999999999999996
0.019000000000000003 1.5999999999999996
0.017 1.7999999999999998
0.019000000000000003 1.5999999999999996
0.016 1.8999999999999997
0.012 2.1999999999999997
0.016 1.8999999999999997
0.019000000000000003 1.5999999999999996
0.015000000000000001 1.8999999999999997
0.015000000000000001 1.8999999999999997
0.015000000000000001 1.8999999999999997
0.016 1.8999999999999997
0.017 1.7999999999999998
0.03 1.2999999999999998
0.018000000000000002 1.6999999999999997
0.020000000000000004 1.6999999999999997
0.019000000000000003 1.5999999999999996
0.016 1.8999999999999997
0.016 1.7999999999999998
0.012 2.1999999999999997
0.014 1.9999999999999996
0.016 1.8999999999999997
0.013 2.0999999999999996
0.011000000000000001 2.3
0.017 1.5999999999999996
0.015000000000000001 1.8999999999999997
0.017 1.7999999999999998
0.012 2.1999999999999997
0.013 2.0999999999999996
0.014 1.9999999999999996
0.015000000000000001 1.8999999999999997
0.018000000000000002 1.5999999999999996
0.018000000000000002 1.7999999999999998
0.020000000000000004 1.4999999999999998
0.019000000000000003 1.4999999999999998
0.019000000000000003 1.6999999999999997
0.016 1.8999999999999997
0.01 2.4999999999999996
0.015000000000000001 1.8999999999999997
0.015000000000000001 1.8999999999999997
0.011000000000000001 2.3999999999999995
0.016 1.8999999999999997
0.013 2.0999999999999996
0.03 1.2999999999999998
0.016 1.7999999999999998
0.006 2.7999999999999994
0.020000000000000004 1.5999999999999996
0.017 1.7999999999999998
0.01 2.4999999999999996
0.015000000000000001 1.8999999999999997
0.017 1.7999999999999998
0.016 1.8999999999999997
0.011000000000000001 2.3
0.015000000000000001 1.8999999999999997
0.011000000000000001 2.3
0.017 1.7999999999999998
0.014 1.9999999999999996
0.020000000000000004 1.4999999999999998
0.015000000000000001 1.8999999999999997
0.020999999999999998 1.4999999999999998
0.014 1.9999999999999996
0.012 2.1999999999999997
0.01 2.4999999999999996
0.013 2.0999999999999996
0.015000000000000001 1.8999999999999997
0.012 2.1999999999999997
0.020000000000000004 1.4999999999999998
0.019000000000000003 1.6999999999999997
0.012 2.3
0.012 2.1999999999999997
0.008 2.4999999999999996
0.012 2.1999999999999997
0.015000000000000001 1.8999999999999997
0.017 1.7999999999999998
0.014 1.9999999999999996
0.017 1.7999999999999998
0.015000000000000001 1.9999999999999996
0.013 2.0999999999999996
0.017 1.7999999999999998
0.019000000000000003 1.6999999999999997
0.012 2.1999999999999997
0.020000000000000004 1.4999999999999998
0.019000000000000003 1.5999999999999996
